30319 13496 16 167.10 9219.09 10 0.00 88 108.72 0 1 
30319 60007 16 174.67 9799.96 15 0.00 88 82.41 0 1 
30319 6881 16 187.80 10187.16 10 0.00 88 105.35 0 1 
30319 58341 16 209.50 10315.25 4 0.00 109 308.88 0 1 
30319 49561 16 92.33 82.89 3 0.00 88 39.40 0 1 
30319 54554 16 109.00 0.00 1 0.00 109 0.00 0 1 
30319 39815 16 111.00 0.00 1 0.00 111 0.00 0 1 
30319 38645 16 111.00 0.00 1 0.00 111 0.00 0 1 
30319 52274 16 104.20 260.96 5 0.00 88 0.32 0 1 
30319 30229 16 98.00 290.67 3 0.00 88 1.01 0 1 
30319 49153 16 86.00 4.00 2 0.00 88 13.18 0 1 
30319 61400 16 190.00 10172.71 17 0.00 88 64.95 0 1 
30319 58985 16 104.00 326.00 4 0.00 88 69.20 0 1 
30319 52463 16 155.75 7670.19 4 0.00 88 28.29 0 1 
30319 11180 16 109.00 0.00 1 0.00 109 0.00 0 1 
30319 15999 16 92.33 82.89 3 0.00 88 8.52 0 1 
30319 24332 16 189.40 10742.84 10 0.00 88 17.02 0 1 
30319 60123 16 92.33 82.89 3 0.00 88 33.92 0 1 
30319 6888 16 186.00 11305.20 5 0.00 88 52.36 0 1 
30319 61781 16 96.50 72.25 2 0.00 88 28.83 0 1 
30319 64207 16 96.50 72.25 2 0.00 88 28.91 0 1 
30319 50000 16 157.75 8492.19 4 0.00 88 25.03 0 1 
10883 5437 16 68.00 0.00 1 0.00 68 0.00 0 1 
30319 55807 16 92.33 82.89 3 0.00 88 43.25 0 1 
30319 50435 16 186.00 11305.20 5 0.00 88 52.06 0 1 
30319 6881 16 109.00 0.00 1 0.00 109 0.00 0 1 
30319 6881 16 109.00 0.00 1 0.00 109 0.00 0 1 
10883 4672 11 74.00 36.00 2 0.00 68 0.07 0 1 
30319 34510 16 109.00 0.00 1 0.00 109 0.00 0 1 
30319 56312 16 109.00 0.00 1 0.00 109 0.00 0 1 
30319 56426 16 92.33 82.89 3 0.00 88 35.66 0 1 
30319 20889 16 109.00 0.00 1 0.00 109 0.00 0 1 
10883 22752 16 68.00 0.00 1 0.00 68 0.00 0 1 
30319 14305 16 212.50 10712.25 2 0.00 109 0.03 0 1 
30319 59365 16 109.00 0.00 1 0.00 109 0.00 0 1 
10883 7029 16 74.00 36.00 2 0.00 68 0.05 0 1 
30319 40800 16 92.33 82.89 3 0.00 88 43.89 0 1 
10883 36730 16 72.50 72.25 2 0.00 81 266.01 0 1 
1593 80 15 183.58 59048.58 12 0.00 66 0.38 11 1 
10883 24396 16 74.00 36.00 2 0.00 68 0.09 0 1 
30319 20120 16 111.00 0.00 1 0.00 111 0.00 0 1 
30319 59550 16 207.17 9769.81 6 0.00 111 5.71 0 1 
30319 24769 16 109.00 0.00 1 0.00 109 0.00 0 1 
30319 58098 16 109.00 0.00 1 0.00 109 0.00 0 1 
30319 59637 16 109.00 0.00 1 0.00 109 0.00 0 1 
1595 80 15 187.30 68570.41 10 0.00 66 0.15 9 1 
30319 26758 16 109.00 0.00 1 0.00 109 0.00 0 1 
1597 80 15 707.50 493613.78 38 0.00 66 0.03 37 1 
1600 80 15 865.75 513640.19 51 0.00 66 0.03 50 1 
30319 6881 16 157.75 8492.19 4 0.00 88 26.59 0 1 
30319 26630 16 109.00 0.00 1 0.00 109 0.00 0 1 
30319 48849 16 109.00 0.00 1 0.00 109 0.00 0 1 
30319 56563 16 109.00 0.00 1 0.00 109 0.00 0 1 
30319 27574 16 109.00 0.00 1 0.00 109 0.00 0 1 
30319 56133 16 109.00 0.00 1 0.00 109 0.00 0 1 
30319 19331 16 212.50 10712.25 2 0.00 109 0.21 0 1 
10883 16689 16 136.25 13322.19 4 0.00 68 66.88 0 1 
1605 80 15 757.95 443782.08 172 0.00 66 0.10 171 1 
10883 43625 16 136.25 13322.19 4 0.00 68 64.23 0 1 
30319 35402 16 109.00 0.00 1 0.00 109 0.00 0 1 
1609 80 15 204.25 78968.19 8 0.00 66 0.04 7 1 
30319 48928 16 109.00 0.00 1 0.00 109 0.00 0 1 
30319 10101 16 212.50 10712.25 2 0.00 109 0.15 0 1 
30319 49152 16 111.00 0.00 1 0.00 111 0.00 0 1 
30319 57158 16 111.00 0.00 1 0.00 111 0.00 0 1 
1612 10010 15 182.91 71472.26 11 0.00 66 0.66 9 1 
30319 6881 16 103.67 337.89 6 0.00 88 191.17 0 1 
30319 49157 16 208.50 9506.25 2 0.00 111 0.05 0 1 
30319 49152 16 144.80 6700.76 10 0.00 88 100.53 0 1 
30319 42191 16 86.00 4.00 2 0.00 88 31.18 0 1 
30319 33542 16 86.00 4.00 2 0.00 88 31.03 0 1 
30319 29000 16 98.00 290.67 3 0.00 88 362.51 0 1 
30319 33453 16 141.40 6959.84 5 0.00 88 230.92 0 1 
1613 10000 15 134.45 26046.07 11 0.00 66 0.59 9 1 
30319 58910 16 111.00 0.00 1 0.00 111 0.00 0 1 
1615 10000 15 123.45 21693.88 11 0.00 66 0.84 9 1 
15610 35381 16 107.00 1024.00 2 0.00 75 0.06 0 1 
1618 50555 15 63.33 3.56 3 0.00 66 3.00 0 1 
1621 20001 15 875.82 514091.73 677 0.01 66 0.09 676 1 
1624 26985 15 63.33 3.56 3 0.00 66 3.00 0 1 
10883 4672 11 68.67 13.56 3 0.00 73 0.04 0 1 
30319 51026 16 109.00 0.00 1 0.00 109 0.00 0 1 
30319 17161 16 109.00 0.00 1 0.00 109 0.00 0 1 
30319 29272 16 212.50 10712.25 2 0.00 109 0.04 0 1 
30319 30420 16 109.00 0.00 1 0.00 109 0.00 0 1 
30319 52525 16 109.00 0.00 1 0.00 109 0.00 0 1 
30319 6884 16 105.00 289.00 2 0.00 88 0.33 0 1 
30319 26882 16 191.58 10415.91 12 0.00 88 18.12 0 1 
30319 27456 16 100.00 324.80 5 0.00 88 76.01 0 1 
30319 49350 16 88.00 0.00 1 0.00 88 0.00 0 1 
30319 53216 16 109.00 0.00 1 0.00 109 0.00 0 1 
1630 19523 16 64.00 0.00 1 0.00 64 0.00 0 1 
30319 49437 16 108.00 9.00 2 0.00 111 7.71 0 1 
30319 32651 16 131.89 4666.99 9 0.00 111 33.44 0 1 
30319 48878 16 208.50 9506.25 2 0.00 111 0.04 0 1 
30319 64411 16 140.00 5529.08 13 0.00 111 89.89 0 1 
30319 42668 16 108.00 9.00 2 0.00 111 5.67 0 1 
30319 51000 16 421.67 142631.22 6 0.00 111 42.18 0 1 
30319 23453 16 176.39 9590.85 23 0.00 111 50.16 0 1 
30319 49999 16 107.00 8.00 3 0.00 111 74.99 0 1 
30319 61504 16 156.25 8158.19 12 0.00 111 39.66 0 1 
1631 31378 15 63.33 3.56 3 0.00 66 2.99 0 1 
30319 16651 16 156.25 8175.69 8 0.00 111 1.29 0 1 
30319 50999 16 368.50 116849.25 4 0.00 111 12.66 0 1 
30319 42479 16 108.00 9.00 2 0.00 111 25.10 0 1 
30319 5012 16 175.00 9692.00 6 0.00 111 30.36 0 1 
30319 58664 16 111.00 0.00 1 0.00 111 0.00 0 1 
30319 54577 16 148.00 7066.40 5 0.00 111 59.66 0 1 
30319 21882 16 111.00 0.00 1 0.00 111 0.00 0 1 
30319 6881 16 111.00 0.00 1 0.00 111 0.00 0 1 
30319 56201 16 158.50 8279.25 4 0.00 111 12.31 0 1 
30319 51341 16 525.50 171810.25 2 0.00 111 0.10 0 1 
30319 50054 16 155.25 7762.69 8 0.00 111 77.56 0 1 
30319 21342 16 178.36 9743.66 14 0.00 111 78.59 0 1 
30319 63929 16 111.00 0.00 1 0.00 111 0.00 0 1 
30319 57438 16 208.50 9506.25 2 0.00 111 0.31 0 1 
30319 6881 16 111.00 0.00 1 0.00 111 0.00 0 1 
30319 21 16 111.00 0.00 1 0.00 111 0.00 0 1 
30319 22673 16 111.00 0.00 1 0.00 111 0.00 0 1 
30319 65206 16 280.67 93203.89 6 0.00 111 99.73 0 1 
30319 53535 16 168.50 7449.25 4 0.00 111 149.81 0 1 
30319 18428 16 85.33 3.56 3 0.00 88 17.33 0 1 
30319 41306 16 111.00 0.00 1 0.00 111 0.00 0 1 
30319 23798 16 98.00 290.67 3 0.00 88 15.59 0 1 
30319 7998 16 182.12 9790.36 8 0.00 88 144.33 0 1 
30319 55458 16 160.00 8664.86 7 0.00 88 38.32 0 1 
30319 57234 16 138.17 5852.14 6 0.00 88 17.99 0 1 
30319 64442 16 96.00 102.50 4 0.00 88 12.86 0 1 
30319 50073 16 167.70 9330.61 10 0.00 88 25.26 0 1 
30319 23947 16 152.46 7688.71 13 0.00 88 89.46 0 1 
30319 30487 16 104.20 260.96 5 0.00 88 50.59 0 1 
30319 51684 16 132.43 6123.96 7 0.00 88 36.15 0 1 
30319 6881 16 139.50 6447.92 6 0.00 88 34.46 0 1 
30319 17484 16 164.47 6427.58 15 0.00 88 76.51 0 1 
30319 1412 16 98.00 290.67 3 0.00 88 14.83 0 1 
10883 7571 16 68.00 0.00 1 0.00 68 0.00 0 1 
30319 59216 16 98.00 290.67 3 0.00 88 16.76 0 1 
30319 56881 16 181.12 9429.11 8 0.00 88 92.05 0 1 
30319 26980 16 181.12 9429.11 8 0.00 88 92.04 0 1 
30319 6881 16 138.17 5882.81 6 0.00 111 1.58 0 1 
30319 54958 16 111.00 0.00 1 0.00 111 0.00 0 1 
30319 6881 16 109.00 0.00 1 0.00 109 0.00 0 1 
30319 7002 16 109.00 0.00 1 0.00 109 0.00 0 1 
30319 45813 16 109.00 0.00 1 0.00 109 0.00 0 1 
30319 30607 16 174.00 9517.67 6 0.00 109 169.17 0 1 
30319 49152 16 109.00 0.00 1 0.00 109 0.00 0 1 
30319 40091 16 111.00 0.00 1 0.00 111 0.00 0 1 
30319 18486 16 111.00 0.00 1 0.00 111 0.00 0 1 
30319 52721 16 111.00 0.00 1 0.00 111 0.00 0 1 
30319 50000 16 172.53 8995.05 15 0.00 88 78.97 0 1 
30319 6881 16 98.00 290.67 3 0.00 88 13.77 0 1 
30319 24905 16 189.58 9729.24 12 0.00 88 47.76 0 1 
30319 60705 16 189.58 9729.24 12 0.00 88 47.74 0 1 
30319 36174 16 173.00 8893.17 12 0.00 88 47.72 0 1 
30319 45460 16 108.00 1.00 2 0.00 109 19.68 0 1 
30319 62174 16 170.33 9313.11 9 0.00 88 111.29 0 1 
30319 18829 16 172.67 8985.89 6 0.00 88 166.93 0 1 
1633 52112 15 100.80 956.16 10 0.00 66 18.42 9 1 
30319 51094 16 98.00 290.67 3 0.00 88 342.42 0 1 
30319 34379 16 155.75 7670.19 4 0.00 88 250.24 0 1 
30319 52879 16 88.00 0.00 1 0.00 88 0.00 0 1 
30319 53222 16 172.53 8995.05 15 0.00 88 78.70 0 1 
30319 55539 16 155.25 7739.69 8 0.00 88 95.01 0 1 
30319 40975 16 189.58 9729.24 12 0.00 88 98.37 0 1 
30319 13232 16 167.56 9576.00 16 0.00 88 71.26 0 1 
30319 6881 16 100.67 80.22 3 0.00 88 13.25 0 1 
30319 25460 16 197.55 10263.05 20 0.00 88 56.98 0 1 
30319 53225 16 109.00 0.00 1 0.00 109 0.00 0 1 
30319 6883 16 150.78 7486.40 9 0.00 88 120.93 0 1 
30319 62532 16 173.67 9548.22 12 0.00 88 90.69 0 1 
1638 48682 15 62.29 2.78 7 0.00 66 6.38 4 1 
30319 6881 16 184.61 9905.13 18 0.00 88 60.46 0 1 
30319 19430 16 167.00 9720.67 3 0.00 88 12.16 0 1 
30319 7889 16 88.00 0.00 1 0.00 88 0.00 0 1 
30319 29341 16 88.00 0.00 1 0.00 88 0.00 0 1 
30319 65277 16 109.00 0.00 1 0.00 109 0.00 0 1 
10883 4672 11 136.25 13322.19 4 0.00 68 105.37 0 1 
10883 4672 11 71.50 34.25 4 0.00 73 0.10 0 1 
10883 4672 11 74.00 36.00 2 0.00 68 0.09 0 1 
10883 1048 16 68.00 0.00 1 0.00 68 0.00 0 1 
30319 44777 16 109.00 0.00 1 0.00 109 0.00 0 1 
30319 54850 16 109.00 0.00 1 0.00 109 0.00 0 1 
30319 20453 16 109.00 0.00 1 0.00 109 0.00 0 1 
30319 6881 16 109.00 0.00 1 0.00 109 0.00 0 1 
30319 13047 16 108.00 1.00 2 0.00 109 0.05 0 1 
30319 60103 16 212.50 10712.25 2 0.00 109 0.06 0 1 
30319 56317 16 109.00 0.00 1 0.00 109 0.00 0 1 
30319 11897 16 212.50 10712.25 2 0.00 109 0.19 0 1 
30319 80 QUIC 512.50 161202.25 2 0.00 111 0.51 0 1 
30319 55555 16 111.00 0.00 1 0.00 111 0.00 0 1 
30319 42935 16 107.00 8.00 3 0.00 111 109.98 0 1 
30319 35989 16 177.33 9620.22 3 0.00 111 43.16 0 1 
30319 59491 16 177.33 9620.22 3 0.00 111 0.05 0 1 
30319 26078 16 107.00 2.67 3 0.00 109 58.29 0 1 
30319 27467 16 108.00 9.00 2 0.00 111 0.20 0 1 
30319 62246 16 153.00 8170.00 9 0.00 111 39.39 0 1 
30319 45207 16 111.00 0.00 1 0.00 111 0.00 0 1 
30319 12167 16 212.50 10712.25 2 0.00 109 0.03 0 1 
30319 6884 16 208.50 9506.25 2 0.00 111 0.22 0 1 
30319 47938 16 109.00 0.00 1 0.00 109 0.00 0 1 
30319 42570 16 109.00 0.00 1 0.00 109 0.00 0 1 
30319 4662 16 109.00 0.00 1 0.00 109 0.00 0 1 
30319 3570 16 111.00 0.00 1 0.00 111 0.00 0 1 
1645 1877 15 63.33 3.56 3 0.00 66 0.13 0 1 
30319 6881 16 111.00 0.00 1 0.00 111 0.00 0 1 
1646 21172 15 63.33 3.56 3 0.00 66 0.11 0 1 
30319 37425 16 109.00 0.00 1 0.00 109 0.00 0 1 
30319 59456 16 168.30 9458.21 10 0.00 109 42.88 0 1 
30319 28074 16 109.00 0.00 1 0.00 109 0.00 0 1 
30319 39878 16 107.50 0.75 4 0.00 109 170.36 0 1 
10883 20604 16 68.67 13.56 3 0.00 73 0.06 0 1 
30319 3001 16 159.25 8839.69 4 0.00 109 35.38 0 1 
1647 55555 15 63.33 3.56 3 0.00 66 0.15 0 1 
30319 21926 16 512.00 160801.00 2 0.00 111 0.26 0 1 
30319 3860 16 109.00 0.00 1 0.00 109 0.00 0 1 
30319 41748 16 109.00 0.00 1 0.00 109 0.00 0 1 
30319 22851 16 109.00 0.00 1 0.00 109 0.00 0 1 
30319 45952 16 212.50 10712.25 2 0.00 109 0.32 0 1 
1649 10010 15 123.91 17965.54 11 0.00 66 0.59 9 1 
30319 45776 16 168.30 9459.81 10 0.00 111 42.87 0 1 
30319 10381 16 155.00 6685.20 5 0.00 109 26.08 0 1 
30319 26975 16 108.00 9.00 2 0.00 111 3.33 0 1 
30319 50143 16 108.00 9.00 2 0.00 111 4.80 0 1 
30319 38371 16 108.00 9.00 2 0.00 111 61.77 0 1 
30319 50294 16 207.50 9704.25 4 0.00 111 95.20 0 1 
30319 49336 16 108.00 9.00 2 0.00 111 3.28 0 1 
30319 65275 16 111.00 0.00 1 0.00 111 0.00 0 1 
30319 64315 16 111.00 0.00 1 0.00 111 0.00 0 1 
30319 38974 16 107.50 4.75 4 0.00 111 187.48 0 1 
10883 5956 16 67.00 18.00 3 0.00 73 0.04 0 1 
30319 60691 16 109.00 0.00 1 0.00 109 0.00 0 1 
30319 46479 16 108.00 9.00 2 0.00 111 259.37 0 1 
10883 12451 16 72.33 42.89 3 0.00 73 0.08 0 1 
30319 6881 16 121.00 100.00 2 0.00 111 0.76 0 1 
30319 43321 16 111.00 0.00 1 0.00 111 0.00 0 1 
30319 27091 16 208.50 9506.25 2 0.00 111 0.09 0 1 
30319 17746 16 111.00 0.00 1 0.00 111 0.00 0 1 
30319 43834 16 527.00 173056.00 2 0.00 111 0.11 0 1 
30319 56275 16 111.00 0.00 1 0.00 111 0.00 0 1 
30319 63736 16 525.50 171810.25 2 0.00 111 0.10 0 1 
30319 65007 16 111.00 0.00 1 0.00 111 0.00 0 1 
30319 12592 16 96.50 72.25 2 0.00 88 5.51 0 1 
30319 33426 16 99.33 64.22 3 0.00 88 8.90 0 1 
30319 38969 16 108.00 9.00 2 0.00 111 198.64 0 1 
30319 12489 16 96.50 72.25 2 0.00 88 0.06 0 1 
30319 28690 16 111.00 0.00 1 0.00 111 0.00 0 1 
30319 40789 16 107.00 4.00 2 0.00 109 134.99 0 1 
30319 12882 16 109.00 0.00 1 0.00 109 0.00 0 1 
30319 6881 16 109.00 0.00 1 0.00 109 0.00 0 1 
30319 61405 16 86.00 4.00 2 0.00 88 0.54 0 1 
30319 16883 16 100.00 324.80 5 0.00 88 46.70 0 1 
30319 43227 16 136.67 6587.22 6 0.00 88 102.74 0 1 
30319 47021 16 168.50 9641.25 10 0.00 88 81.86 0 1 
30319 31086 16 86.00 4.00 2 0.00 88 81.00 0 1 
30319 6881 16 169.67 10754.89 3 0.00 88 51.70 0 1 
30319 27761 16 212.50 10712.25 2 0.00 109 0.05 0 1 
30319 15448 16 109.00 0.00 1 0.00 109 0.00 0 1 
30319 22412 16 212.50 10712.25 2 0.00 109 0.04 0 1 
10883 4672 11 74.00 36.00 2 0.00 68 0.07 0 1 
30319 53497 16 109.00 0.00 1 0.00 109 0.00 0 1 
30319 34580 16 96.50 72.25 2 0.00 88 9.14 0 1 
30319 32112 16 162.29 9584.20 7 0.00 88 18.63 0 1 
30319 6881 16 96.50 72.25 2 0.00 88 11.72 0 1 
30319 60592 16 97.50 90.25 2 0.00 88 5.17 0 1 
10883 60013 16 75.00 60.67 3 0.00 81 142.99 0 1 
1657 40149 15 63.33 3.56 3 0.00 66 3.00 0 1 
30319 6881 16 109.00 0.00 1 0.00 109 0.00 0 1 
30319 32463 16 109.00 0.00 1 0.00 109 0.00 0 1 
30319 1755 5 109.00 0.00 1 0.00 109 0.00 0 1 
30319 6881 16 141.50 6523.58 6 0.00 109 36.08 0 1 
30319 6881 16 109.00 0.00 1 0.00 109 0.00 0 1 
30319 62031 16 159.25 8839.69 4 0.00 109 31.65 0 1 
30319 20087 16 109.00 0.00 1 0.00 109 0.00 0 1 
30319 57431 16 109.00 0.00 1 0.00 109 0.00 0 1 
30319 62265 16 96.50 72.25 2 0.00 88 0.05 0 1 
30319 9470 16 109.00 0.00 1 0.00 109 0.00 0 1 
10883 4672 11 75.00 60.67 3 0.00 81 101.61 0 1 
30319 21165 16 171.00 3600.00 2 0.00 111 0.08 0 1 
10883 4672 11 77.75 68.19 4 0.00 81 46.25 0 1 
30319 57478 16 109.00 0.00 1 0.00 109 0.00 0 1 
30319 43304 16 107.67 0.89 3 0.00 109 141.32 0 1 
30319 18354 16 109.00 0.00 1 0.00 109 0.00 0 1 
30319 52171 16 109.00 0.00 1 0.00 109 0.00 0 1 
1660 80 15 904.02 493475.47 708 0.01 66 0.08 707 1 
10883 39330 16 68.00 0.00 1 0.00 68 0.00 0 1 
30319 59057 16 186.80 9947.76 20 0.00 88 54.11 0 1 
10883 4173 16 75.00 60.67 3 0.00 81 67.68 0 1 
30319 33460 16 172.33 9058.89 12 0.00 111 70.05 0 1 
30319 6881 16 111.00 0.00 1 0.00 111 0.00 0 1 
30319 52417 16 86.00 4.00 2 0.00 88 0.59 0 1 
30319 37979 16 111.00 0.00 1 0.00 111 0.00 0 1 
30319 55639 16 194.81 10161.53 16 0.00 88 67.54 0 1 
30319 23818 16 105.00 289.00 2 0.00 88 0.77 0 1 
30319 58257 16 186.20 9626.36 10 0.00 88 58.95 0 1 
30319 1024 16 105.00 289.00 2 0.00 88 1.23 0 1 
30319 26326 16 86.00 4.00 2 0.00 88 114.36 0 1 
30319 27695 16 172.33 9043.56 12 0.00 88 69.92 0 1 
30319 51267 16 98.00 290.67 3 0.00 88 2.39 0 1 
30319 6881 16 86.00 4.00 2 0.00 88 0.72 0 1 
30319 5881 16 181.88 9838.36 16 0.00 88 68.36 0 1 
30319 54675 16 148.80 7511.76 5 0.00 111 113.45 0 1 
30319 45355 16 108.00 9.00 2 0.00 111 198.50 0 1 
30319 18289 16 155.75 7670.19 4 0.00 88 1.84 0 1 
30319 52525 16 98.00 290.67 3 0.00 88 2.66 0 1 
30319 17774 16 105.00 289.00 2 0.00 88 0.43 0 1 
30319 45351 16 165.50 8592.05 10 0.00 88 109.27 0 1 
10883 4672 11 91.50 1823.58 6 0.00 81 43.31 0 1 
30319 60438 16 181.12 9429.11 8 0.00 88 136.58 0 1 
30319 56368 16 109.00 0.00 1 0.00 109 0.00 0 1 
30319 6881 16 159.25 8839.69 4 0.00 109 55.94 0 1 
10883 20101 16 68.50 20.25 2 0.00 73 0.00 0 1 
30319 45228 16 184.40 10775.44 5 0.00 111 190.82 0 1 
30319 51057 16 109.00 0.00 1 0.00 109 0.00 0 1 
30319 47678 16 96.50 72.25 2 0.00 88 2.68 0 1 
30319 50123 16 109.00 0.00 1 0.00 109 0.00 0 1 
30319 6881 16 96.50 72.25 2 0.00 88 2.18 0 1 
30319 25068 16 109.00 0.00 1 0.00 109 0.00 0 1 
30319 56789 16 109.00 0.00 1 0.00 109 0.00 0 1 
30319 29638 16 187.27 9842.86 15 0.00 109 66.89 0 1 
30319 26536 16 109.00 0.00 1 0.00 109 0.00 0 1 
30319 35049 16 109.00 0.00 1 0.00 109 0.00 0 1 
30319 60636 16 208.50 9506.25 2 0.00 111 0.17 0 1 
30319 6881 16 111.00 0.00 1 0.00 111 0.00 0 1 
30319 62800 16 111.00 0.00 1 0.00 111 0.00 0 1 
30319 44522 16 212.50 10712.25 2 0.00 109 0.08 0 1 
30319 6000 16 107.67 0.89 3 0.00 109 102.01 0 1 
30319 6882 16 109.00 0.00 1 0.00 109 0.00 0 1 
30319 35959 16 109.00 0.00 1 0.00 109 0.00 0 1 
10883 4672 11 68.00 0.00 1 0.00 68 0.00 0 1 
10883 52130 16 68.00 0.00 1 0.00 68 0.00 0 1 
30319 45692 16 111.00 0.00 1 0.00 111 0.00 0 1 
30319 49152 16 111.00 0.00 1 0.00 111 0.00 0 1 
10883 9247 16 68.00 0.00 1 0.00 68 0.00 0 1 
30319 62696 16 109.00 0.00 1 0.00 109 0.00 0 1 
30319 1498 16 212.50 10712.25 2 0.00 109 0.13 0 1 
30319 58505 16 159.25 8839.69 4 0.00 109 52.66 0 1 
30319 41042 16 109.00 0.00 1 0.00 109 0.00 0 1 
30319 59403 16 109.00 0.00 1 0.00 109 0.00 0 1 
10883 5434 16 66.00 4.00 2 0.00 68 0.08 0 1 
30319 35413 16 109.00 0.00 1 0.00 109 0.00 0 1 
30319 13852 16 109.00 0.00 1 0.00 109 0.00 0 1 
30319 7777 16 109.00 0.00 1 0.00 109 0.00 0 1 
30319 25772 16 109.00 0.00 1 0.00 109 0.00 0 1 
1669 61746 15 299.78 150542.55 7550 0.08 66 0.15 7549 1 
1671 10010 15 130.91 26237.90 11 0.00 66 0.71 9 1 
30319 36944 16 208.50 9506.25 2 0.00 111 0.05 0 1 
30319 45408 16 111.00 0.00 1 0.00 111 0.00 0 1 
30319 65534 16 212.50 10712.25 2 0.00 109 0.18 0 1 
30319 63357 16 109.00 0.00 1 0.00 109 0.00 0 1 
30319 24200 16 212.50 10712.25 2 0.00 109 1.49 0 1 
1672 31330 15 61.67 4.56 6 0.00 66 0.33 3 1 
1673 10916 15 61.67 4.56 6 0.00 66 0.27 3 1 
30319 36132 16 111.00 0.00 1 0.00 111 0.00 0 1 
30319 49511 16 111.00 0.00 1 0.00 111 0.00 0 1 
30319 26881 16 141.33 6538.56 6 0.00 111 26.14 0 1 
30319 18743 16 159.25 8839.69 4 0.00 109 23.00 0 1 
1674 30319 15 63.33 3.56 3 0.00 66 3.00 0 1 
30319 32778 16 107.00 4.00 2 0.00 109 102.20 0 1 
1676 26004 15 63.33 3.56 3 0.00 66 2.96 0 1 
10883 4672 11 68.00 0.00 1 0.00 68 0.00 0 1 
30319 19012 16 111.00 0.00 1 0.00 111 0.00 0 1 
30319 42923 16 111.00 0.00 1 0.00 111 0.00 0 1 
30319 24609 16 177.33 9620.22 3 0.00 111 29.27 0 1 
30319 21048 16 107.00 8.00 3 0.00 111 125.31 0 1 
30319 26707 16 111.00 0.00 1 0.00 111 0.00 0 1 
30319 57623 16 111.00 0.00 1 0.00 111 0.00 0 1 
30319 21334 16 111.00 0.00 1 0.00 111 0.00 0 1 
30319 65293 16 111.00 0.00 1 0.00 111 0.00 0 1 
30319 17403 16 88.00 0.00 1 0.00 88 0.00 0 1 
30319 55555 16 111.00 0.00 1 0.00 111 0.00 0 1 
30319 34787 16 155.75 7670.19 4 0.00 88 89.43 0 1 
1677 36640 15 63.33 3.56 3 0.00 66 2.97 0 1 
30319 55661 16 109.00 0.00 1 0.00 109 0.00 0 1 
30319 58673 16 148.40 7542.64 5 0.00 109 59.92 0 1 
30319 22922 16 109.00 0.00 1 0.00 109 0.00 0 1 
30319 25256 16 109.00 0.00 1 0.00 109 0.00 0 1 
30319 57410 16 212.50 10712.25 2 0.00 109 0.08 0 1 
30319 56635 16 107.00 4.00 2 0.00 109 109.70 0 1 
30319 63235 16 109.00 0.00 1 0.00 109 0.00 0 1 
1679 45181 15 62.00 4.80 5 0.00 66 0.69 2 1 
30319 16000 16 169.67 10754.89 3 0.00 88 9.38 0 1 
30319 6879 16 199.36 11358.60 11 0.00 88 17.68 0 1 
30319 48651 16 157.75 8492.19 4 0.00 88 19.01 0 1 
30319 47699 16 171.00 3600.00 2 0.00 111 0.13 0 1 
30319 11089 16 92.33 82.89 3 0.00 88 17.15 0 1 
30319 6881 16 92.33 82.89 3 0.00 88 33.72 0 1 
30319 52654 16 92.33 82.89 3 0.00 88 32.60 0 1 
30319 20379 16 212.50 10712.25 2 0.00 109 1.56 0 1 
1680 5511 15 868.26 493618.63 21640 0.22 70 0.05 21639 1 
10883 4002 16 66.00 4.00 2 0.00 68 0.16 0 1 
30319 6881 16 109.00 0.00 1 0.00 109 0.00 0 1 
30319 40835 16 109.00 0.00 1 0.00 109 0.00 0 1 
30319 57650 16 109.00 0.00 1 0.00 109 0.00 0 1 
10883 62043 16 68.00 0.00 1 0.00 68 0.00 0 1 
30319 14915 16 212.50 10712.25 2 0.00 109 0.04 0 1 
10883 60033 16 66.00 4.00 2 0.00 68 0.41 0 1 
30319 6881 16 208.50 9506.25 2 0.00 111 0.04 0 1 
30319 62638 16 109.00 4.00 2 0.00 111 0.16 0 1 
30319 57465 16 109.00 0.00 1 0.00 109 0.00 0 1 
30319 46561 16 109.00 0.00 1 0.00 109 0.00 0 1 
30319 61376 16 109.00 0.00 1 0.00 109 0.00 0 1 
30319 33346 16 109.00 0.00 1 0.00 109 0.00 0 1 
30319 46602 16 159.25 8839.69 4 0.00 109 89.12 0 1 
30319 30366 16 159.25 8839.69 4 0.00 109 16.94 0 1 
30319 46940 16 107.00 4.00 2 0.00 109 94.92 0 1 
30319 62272 16 109.00 0.00 1 0.00 109 0.00 0 1 
30319 54372 16 109.00 0.00 1 0.00 109 0.00 0 1 
30319 12646 16 109.00 0.00 1 0.00 109 0.00 0 1 
30319 6883 16 109.00 0.00 1 0.00 109 0.00 0 1 
30319 42551 16 96.50 72.25 2 0.00 88 6.44 0 1 
10883 16397 16 72.50 72.25 2 0.00 81 296.71 0 1 
10883 4672 11 68.00 0.00 1 0.00 68 0.00 0 1 
30319 30267 16 159.25 8839.69 4 0.00 109 15.89 0 1 
30319 20783 16 109.00 0.00 1 0.00 109 0.00 0 1 
30319 51039 16 212.50 10712.25 2 0.00 109 0.22 0 1 
30319 43894 16 212.50 10712.25 2 0.00 109 0.46 0 1 
10883 2135 16 66.00 4.00 2 0.00 68 0.11 0 1 
30319 24606 16 111.00 0.00 1 0.00 111 0.00 0 1 
30319 46824 16 109.00 4.00 2 0.00 111 0.31 0 1 
10883 16645 16 66.00 4.00 2 0.00 68 0.20 0 1 
30319 29219 16 111.00 0.00 1 0.00 111 0.00 0 1 
30319 56881 16 111.00 0.00 1 0.00 111 0.00 0 1 
30319 21610 16 111.00 0.00 1 0.00 111 0.00 0 1 
30319 35531 16 111.00 0.00 1 0.00 111 0.00 0 1 
30319 42424 16 107.00 8.00 3 0.00 111 125.74 0 1 
30319 22943 16 109.00 0.00 1 0.00 109 0.00 0 1 
30319 59845 16 159.25 8839.69 4 0.00 109 44.06 0 1 
30319 52326 16 109.00 0.00 1 0.00 109 0.00 0 1 
30319 49152 16 109.00 0.00 1 0.00 109 0.00 0 1 
10883 33212 16 69.67 64.22 3 0.00 81 14.10 0 1 
10883 55187 16 69.67 64.22 3 0.00 81 33.83 0 1 
10883 6672 16 69.67 64.22 3 0.00 81 72.80 0 1 
30319 25169 16 107.00 4.00 2 0.00 109 111.07 0 1 
30319 27478 16 159.25 8839.69 4 0.00 109 13.36 0 1 
30319 29319 16 212.50 10712.25 2 0.00 109 0.25 0 1 
30319 6881 16 212.50 10712.25 2 0.00 109 0.06 0 1 
30319 55888 16 159.25 8839.69 4 0.00 109 15.50 0 1 
30319 39646 16 109.00 0.00 1 0.00 109 0.00 0 1 
30319 53627 16 109.00 0.00 1 0.00 109 0.00 0 1 
30319 53020 16 212.50 10712.25 2 0.00 109 0.04 0 1 
30319 44800 16 109.00 0.00 1 0.00 109 0.00 0 1 
1690 26551 15 63.33 3.56 3 0.00 66 3.00 0 1 
30319 59780 16 109.00 0.00 1 0.00 109 0.00 0 1 
30319 27286 16 109.00 0.00 1 0.00 109 0.00 0 1 
30319 6331 16 109.00 0.00 1 0.00 109 0.00 0 1 
30319 6888 16 109.00 0.00 1 0.00 109 0.00 0 1 
1693 34520 15 64.00 4.00 2 0.00 66 1.44 0 1 
30319 49178 16 109.00 0.00 1 0.00 109 0.00 0 1 
30319 63154 16 109.00 0.00 1 0.00 109 0.00 0 1 
30319 28626 16 109.00 0.00 1 0.00 109 0.00 0 1 
30319 29726 16 109.00 0.00 1 0.00 109 0.00 0 1 
30319 34105 16 109.00 0.00 1 0.00 109 0.00 0 1 
30319 433 16 107.00 4.00 2 0.00 109 107.56 0 1 
30319 50653 16 109.00 0.00 1 0.00 109 0.00 0 1 
30319 6881 16 109.00 0.00 1 0.00 109 0.00 0 1 
30319 56617 16 109.00 0.00 1 0.00 109 0.00 0 1 
1696 13488 15 63.33 3.56 3 0.00 66 2.99 0 1 
30319 52969 16 111.00 0.00 1 0.00 111 0.00 0 1 
1697 60951 15 63.33 3.56 3 0.00 66 2.98 0 1 
30319 50218 16 109.00 0.00 1 0.00 109 0.00 0 1 
30319 5565 16 109.00 0.00 1 0.00 109 0.00 0 1 
10883 4179 16 68.00 0.00 1 0.00 68 0.00 0 1 
1699 17960 15 63.33 3.56 3 0.00 66 3.00 0 1 
30319 41489 16 497.00 148996.00 2 0.00 111 0.18 0 1 
10883 4672 11 67.50 14.25 4 0.00 73 0.48 0 1 
30319 49557 16 111.00 0.00 1 0.00 111 0.00 0 1 
30319 28824 16 159.25 8839.69 4 0.00 109 27.05 0 1 
30319 49152 16 107.00 8.00 3 0.00 111 125.79 0 1 
30319 63740 16 109.00 0.00 1 0.00 109 0.00 0 1 
30319 42593 16 107.00 4.00 2 0.00 109 100.84 0 1 
30319 56110 16 109.00 0.00 1 0.00 109 0.00 0 1 
10883 4672 11 62.40 10.24 5 0.00 68 1.00 0 1 
10883 62383 16 75.00 60.67 3 0.00 81 3.42 0 1 
30319 44756 16 109.00 0.00 1 0.00 109 0.00 0 1 
30319 61929 16 109.00 0.00 1 0.00 109 0.00 0 1 
30319 49855 16 109.00 0.00 1 0.00 109 0.00 0 1 
30319 46643 16 109.00 0.00 1 0.00 109 0.00 0 1 
30319 7000 16 107.00 4.00 2 0.00 109 60.17 0 1 
30319 4672 16 109.00 0.00 1 0.00 109 0.00 0 1 
10883 4672 11 75.00 60.67 3 0.00 81 42.31 0 1 
1703 18849 15 63.33 3.56 3 0.00 66 3.00 0 1 
30319 50681 16 109.00 0.00 1 0.00 109 0.00 0 1 
10883 5969 16 69.67 64.22 3 0.00 81 22.33 0 1 
30319 21406 16 109.00 0.00 1 0.00 109 0.00 0 1 
30319 17416 16 109.00 0.00 1 0.00 109 0.00 0 1 
30319 52259 16 109.00 0.00 1 0.00 109 0.00 0 1 
15610 39644 16 100.50 650.25 2 0.00 75 0.13 0 1 
30319 48700 16 111.00 0.00 1 0.00 111 0.00 0 1 
30319 17710 16 159.25 8839.69 4 0.00 109 39.88 0 1 
30319 6881 16 212.50 10712.25 2 0.00 109 0.04 0 1 
30319 12034 16 107.00 4.00 2 0.00 109 106.23 0 1 
30319 18484 16 212.50 10712.25 2 0.00 109 0.08 0 1 
30319 10000 16 159.25 8839.69 4 0.00 109 34.31 0 1 
30319 49151 16 109.00 0.00 1 0.00 109 0.00 0 1 
30319 60656 16 109.00 0.00 1 0.00 109 0.00 0 1 
30319 30948 16 109.00 0.00 1 0.00 109 0.00 0 1 
30319 19586 16 109.00 0.00 1 0.00 109 0.00 0 1 
30319 12345 16 159.25 8839.69 4 0.00 109 35.32 0 1 
30319 65497 16 159.25 8839.69 4 0.00 109 6.43 0 1 
30319 47782 16 109.00 0.00 1 0.00 109 0.00 0 1 
10883 55021 16 74.00 36.00 2 0.00 68 0.18 0 1 
30319 34723 16 109.00 0.00 1 0.00 109 0.00 0 1 
10883 36642 16 66.00 4.00 2 0.00 68 0.12 0 1 
30319 52973 16 109.00 0.00 1 0.00 109 0.00 0 1 
30319 40422 16 212.50 10712.25 2 0.00 109 0.23 0 1 
10883 64989 16 74.00 36.00 2 0.00 68 0.20 0 1 
10883 4694 16 68.00 0.00 1 0.00 68 0.00 0 1 
30319 59097 16 111.00 0.00 1 0.00 111 0.00 0 1 
30319 19238 16 111.00 0.00 1 0.00 111 0.00 0 1 
1712 49645 15 937.66 485200.74 29567 0.30 66 0.04 29565 1 
30319 43677 16 107.00 8.00 3 0.00 111 125.78 0 1 
30319 19865 16 107.00 8.00 3 0.00 111 125.81 0 1 
30319 62859 16 111.00 0.00 1 0.00 111 0.00 0 1 
30319 58370 16 107.00 8.00 3 0.00 111 134.01 0 1 
30319 23586 16 109.00 0.00 1 0.00 109 0.00 0 1 
30319 26242 16 148.40 7542.64 5 0.00 109 46.32 0 1 
1714 35599 15 63.33 3.56 3 0.00 66 3.00 0 1 
30319 6881 16 159.25 8839.69 4 0.00 109 3.28 0 1 
30319 24388 16 109.00 0.00 1 0.00 109 0.00 0 1 
30319 33127 16 148.40 7542.64 5 0.00 109 44.28 0 1 
1715 13396 15 100.80 956.16 10 0.00 66 18.38 9 1 
30319 55125 16 109.00 0.00 1 0.00 109 0.00 0 1 
10883 4672 11 68.00 0.00 1 0.00 68 0.00 0 1 
30319 50000 16 159.25 8839.69 4 0.00 109 0.67 0 1 
30319 16945 16 109.00 0.00 1 0.00 109 0.00 0 1 
30319 15976 16 109.00 0.00 1 0.00 109 0.00 0 1 
10883 4176 16 68.00 0.00 1 0.00 68 0.00 0 1 
30319 56195 16 158.75 8891.69 8 0.00 109 61.67 0 1 
30319 55555 16 107.00 4.00 2 0.00 109 145.67 0 1 
30319 6881 16 189.00 8246.00 3 0.00 109 14.43 0 1 
30319 50870 16 109.00 0.00 1 0.00 109 0.00 0 1 
10883 28568 16 67.50 14.25 4 0.00 73 0.03 0 1 
30319 6881 16 528.50 174306.25 2 0.00 111 0.08 0 1 
30319 56999 16 159.25 8839.69 4 0.00 109 18.18 0 1 
30319 27285 16 212.50 10712.25 2 0.00 109 0.13 0 1 
10883 31980 16 67.00 18.00 3 0.00 73 0.08 0 1 
1718 34450 15 157.07 46096.86 15 0.00 66 0.27 13 1 
30319 12393 16 192.57 9649.96 7 0.00 109 77.63 0 1 
30319 7000 16 109.00 0.00 1 0.00 109 0.00 0 1 
30319 62436 16 109.00 0.00 1 0.00 109 0.00 0 1 
30319 49218 16 109.00 0.00 1 0.00 109 0.00 0 1 
30319 52401 16 109.00 0.00 1 0.00 109 0.00 0 1 
30319 42789 16 109.00 0.00 1 0.00 109 0.00 0 1 
10883 4605 16 68.50 20.25 2 0.00 73 0.00 0 1 
10883 38832 16 68.00 0.00 1 0.00 68 0.00 0 1 
10883 4672 11 66.00 4.00 2 0.00 68 0.08 0 1 
30319 65534 16 197.40 25095.24 10 0.00 111 53.68 0 1 
30319 42325 16 159.25 8839.69 4 0.00 109 27.28 0 1 
30319 56627 16 111.00 0.00 1 0.00 111 0.00 0 1 
30319 32376 16 109.00 0.00 1 0.00 109 0.00 0 1 
30319 6881 16 212.50 10712.25 2 0.00 109 0.25 0 1 
30319 57691 16 109.00 0.00 1 0.00 109 0.00 0 1 
30319 6881 16 212.50 10712.25 2 0.00 109 0.04 0 1 
10883 64812 16 71.00 4.00 2 0.00 73 1.73 0 1 
30319 14278 16 107.67 0.89 3 0.00 109 331.36 0 1 
30319 5555 16 109.00 0.00 1 0.00 109 0.00 0 1 
30319 42222 16 158.75 8891.69 8 0.00 109 25.69 0 1 
30319 21991 16 109.00 0.00 1 0.00 109 0.00 0 1 
10883 7565 16 68.00 0.00 1 0.00 68 0.00 0 1 
1726 51111 15 63.33 3.56 3 0.00 66 3.00 0 1 
30319 65124 16 107.00 4.00 2 0.00 109 146.20 0 1 
30319 64633 16 109.00 0.00 1 0.00 109 0.00 0 1 
30319 6881 16 148.40 7542.64 5 0.00 109 55.07 0 1 
30319 6881 16 109.00 0.00 1 0.00 109 0.00 0 1 
30319 65336 16 107.00 4.00 2 0.00 109 97.85 0 1 
30319 64199 16 109.00 0.00 1 0.00 109 0.00 0 1 
10883 36042 16 66.00 4.00 2 0.00 68 0.10 0 1 
10883 49661 16 136.25 13322.19 4 0.00 68 180.23 0 1 
30319 50689 16 109.00 0.00 1 0.00 109 0.00 0 1 
30319 35110 16 159.25 8839.69 4 0.00 109 65.76 0 1 
30319 6881 16 109.00 0.00 1 0.00 109 0.00 0 1 
30319 49153 16 109.00 0.00 1 0.00 109 0.00 0 1 
10883 17390 16 72.50 72.25 2 0.00 81 444.22 0 1 
30319 35012 16 92.33 82.89 3 0.00 88 0.38 0 1 
30319 53701 16 130.38 5175.98 8 0.00 88 12.11 0 1 
30319 28187 16 90.25 75.19 4 0.00 88 39.76 0 1 
30319 46884 16 139.50 6447.92 6 0.00 88 16.09 0 1 
30319 57280 16 131.57 5903.96 7 0.00 88 18.08 0 1 
30319 63605 16 139.50 6447.92 6 0.00 88 30.56 0 1 
30319 55020 16 125.22 4813.28 9 0.00 88 17.59 0 1 
30319 17723 16 130.38 5175.98 8 0.00 88 22.89 0 1 
30319 54388 16 92.33 82.89 3 0.00 88 8.37 0 1 
30319 17349 16 133.17 6870.14 6 0.00 88 21.05 0 1 
30319 29702 16 92.33 82.89 3 0.00 88 10.78 0 1 
30319 64721 16 90.25 75.19 4 0.00 88 39.84 0 1 
30319 41745 16 90.25 75.19 4 0.00 88 31.04 0 1 
30319 55371 16 109.00 0.00 1 0.00 109 0.00 0 1 
30319 37831 16 139.50 6447.92 6 0.00 88 0.21 0 1 
30319 4662 16 86.00 4.00 2 0.00 88 0.56 0 1 
30319 7262 16 104.00 326.00 4 0.00 88 32.55 0 1 
30319 60743 16 105.00 289.00 2 0.00 88 0.16 0 1 
30319 38450 16 155.75 7670.19 4 0.00 88 56.22 0 1 
30319 18453 16 155.75 7670.19 4 0.00 88 56.21 0 1 
30319 60900 16 155.75 7670.19 4 0.00 88 56.16 0 1 
30319 53700 16 212.50 10712.25 2 0.00 109 0.19 0 1 
30319 16916 16 86.00 4.00 2 0.00 88 0.72 0 1 
10883 4672 11 68.00 0.00 1 0.00 68 0.00 0 1 
30319 6881 16 86.00 4.00 2 0.00 88 14.86 0 1 
30319 43237 16 86.00 4.00 2 0.00 88 14.84 0 1 
30319 6881 16 86.00 4.00 2 0.00 88 40.34 0 1 
30319 56736 16 86.00 4.00 2 0.00 88 52.18 0 1 
1731 24816 15 63.33 3.56 3 0.00 66 3.01 0 1 
30319 42615 16 109.00 0.00 1 0.00 109 0.00 0 1 
30319 49285 16 109.00 0.00 1 0.00 109 0.00 0 1 
30319 23514 16 109.00 0.00 1 0.00 109 0.00 0 1 
30319 28479 16 109.00 0.00 1 0.00 109 0.00 0 1 
30319 31504 16 195.00 7396.00 2 0.00 109 0.09 0 1 
30319 5662 16 109.00 0.00 1 0.00 109 0.00 0 1 
30319 14852 16 211.50 10922.25 4 0.00 109 81.75 0 1 
30319 9090 16 159.25 8839.69 4 0.00 109 63.09 0 1 
30319 17770 16 109.00 0.00 1 0.00 109 0.00 0 1 
30319 54624 16 109.00 0.00 1 0.00 109 0.00 0 1 
1732 56664 15 63.33 3.56 3 0.00 66 3.00 0 1 
10883 5555 16 68.00 0.00 1 0.00 68 0.00 0 1 
30319 10533 16 109.00 0.00 1 0.00 109 0.00 0 1 
30319 37719 16 109.00 0.00 1 0.00 109 0.00 0 1 
30319 56338 16 109.00 0.00 1 0.00 109 0.00 0 1 
30319 30938 16 109.00 0.00 1 0.00 109 0.00 0 1 
30319 37794 16 109.00 0.00 1 0.00 109 0.00 0 1 
30319 10279 16 109.00 0.00 1 0.00 109 0.00 0 1 
30319 10380 16 148.40 7542.64 5 0.00 109 36.27 0 1 
30319 40487 16 148.40 7542.64 5 0.00 109 36.36 0 1 
30319 46107 16 107.00 4.00 2 0.00 109 148.28 0 1 
30319 6881 16 109.00 0.00 1 0.00 109 0.00 0 1 
1734 64009 15 63.33 3.56 3 0.00 66 2.97 0 1 
10883 65421 16 68.00 0.00 1 0.00 68 0.00 0 1 
30319 19055 16 197.60 9510.64 5 0.00 109 63.53 0 1 
30319 64240 16 212.50 10712.25 2 0.00 109 0.05 0 1 
30319 45185 16 109.00 0.00 1 0.00 109 0.00 0 1 
30319 35431 16 109.00 0.00 1 0.00 109 0.00 0 1 
30319 28695 16 109.00 0.00 1 0.00 109 0.00 0 1 
30319 37036 16 171.43 8875.96 7 0.00 109 63.13 0 1 
10883 4672 11 68.50 20.25 2 0.00 73 0.00 0 1 
10883 55618 16 72.33 42.89 3 0.00 73 0.25 0 1 
30319 36718 16 109.00 0.00 1 0.00 109 0.00 0 1 
30319 15187 16 159.25 8839.69 4 0.00 109 60.05 0 1 
30319 49152 16 109.00 0.00 1 0.00 109 0.00 0 1 
30319 53754 16 109.00 0.00 1 0.00 109 0.00 0 1 
10883 4672 11 66.00 4.00 2 0.00 68 0.09 0 1 
30319 49152 16 96.50 72.25 2 0.00 88 22.61 0 1 
30319 56912 16 212.50 10712.25 2 0.00 109 0.10 0 1 
1738 56148 15 63.33 3.56 3 0.00 66 3.00 0 1 
10883 38957 16 68.00 0.00 1 0.00 68 0.00 0 1 
10883 4672 11 71.50 34.25 4 0.00 73 0.33 0 1 
30319 55555 16 143.00 7664.00 5 0.00 88 15.99 0 1 
30319 15645 16 92.33 82.89 3 0.00 88 23.88 0 1 
30319 16472 16 109.00 0.00 1 0.00 109 0.00 0 1 
30319 6881 16 109.00 0.00 1 0.00 109 0.00 0 1 
10883 23167 16 72.33 42.89 3 0.00 73 0.04 0 1 
30319 16303 16 212.50 10712.25 2 0.00 109 0.20 0 1 
30319 37835 16 109.00 0.00 1 0.00 109 0.00 0 1 
30319 54400 16 159.25 8839.69 4 0.00 109 56.90 0 1 
30319 12497 16 109.00 0.00 1 0.00 109 0.00 0 1 
30319 28819 16 109.00 0.00 1 0.00 109 0.00 0 1 
30319 50001 16 109.00 0.00 1 0.00 109 0.00 0 1 
30319 65535 16 109.00 0.00 1 0.00 109 0.00 0 1 
30319 13561 16 109.00 0.00 1 0.00 109 0.00 0 1 
30319 27244 16 212.50 10712.25 2 0.00 109 0.30 0 1 
30319 49204 16 109.00 0.00 1 0.00 109 0.00 0 1 
30319 56987 16 109.00 0.00 1 0.00 109 0.00 0 1 
30319 35247 16 107.00 4.00 2 0.00 109 227.21 0 1 
30319 16097 16 109.00 0.00 1 0.00 109 0.00 0 1 
10883 43215 16 68.00 0.00 1 0.00 68 0.00 0 1 
1743 24461 15 62.00 4.80 5 0.00 66 0.72 2 1 
30319 51010 16 107.00 4.00 2 0.00 109 148.93 0 1 
30319 58922 16 109.00 0.00 1 0.00 109 0.00 0 1 
30319 32881 16 148.40 7542.64 5 0.00 109 31.08 0 1 
30319 55579 16 189.00 8246.00 3 0.00 109 2.22 0 1 
30319 49153 16 109.00 0.00 1 0.00 109 0.00 0 1 
30319 35300 16 108.33 3.56 3 0.00 111 160.09 0 1 
1746 57515 15 140.89 39722.65 18 0.00 66 1.33 16 1 
30319 10369 16 148.40 7542.64 5 0.00 109 83.64 0 1 
30319 56666 16 159.25 8839.69 4 0.00 109 37.41 0 1 
30319 27712 16 109.00 0.00 1 0.00 109 0.00 0 1 
1748 62459 15 566.29 331819.91 15362 0.15 66 0.06 15360 1 
30319 23649 16 109.00 0.00 1 0.00 109 0.00 0 1 
1749 20459 15 63.33 3.56 3 0.00 66 2.98 0 1 
1750 42415 15 61.67 4.56 6 0.00 66 0.33 3 1 
30319 64784 16 104.00 326.00 4 0.00 88 20.33 0 1 
30319 55832 16 109.00 0.00 1 0.00 109 0.00 0 1 
30319 16653 16 109.00 0.00 1 0.00 109 0.00 0 1 
1752 23345 15 63.33 3.56 3 0.00 66 2.97 0 1 
1754 23200 15 85.02 7567.79 210 0.00 66 0.30 209 1 
30319 25699 16 96.50 72.25 2 0.00 88 15.20 0 1 
1756 80 15 61.67 4.56 6 0.00 66 0.22 3 1 
30319 54851 16 109.00 0.00 1 0.00 109 0.00 0 1 
1757 49152 15 63.33 3.56 3 0.00 66 3.01 0 1 
10883 19598 16 74.00 36.00 2 0.00 68 0.13 0 1 
10883 11355 16 68.00 0.00 1 0.00 68 0.00 0 1 
1758 39488 15 67.20 336.96 10 0.00 66 1.64 8 1 
30319 6881 16 96.50 72.25 2 0.00 88 10.22 0 1 
30319 40116 16 107.00 4.00 2 0.00 109 153.22 0 1 
30319 24403 16 109.00 0.00 1 0.00 109 0.00 0 1 
30319 52525 16 212.50 10712.25 2 0.00 109 0.07 0 1 
30319 21204 16 109.00 0.00 1 0.00 109 0.00 0 1 
30319 30214 16 109.00 0.00 1 0.00 109 0.00 0 1 
30319 58690 16 109.00 0.00 1 0.00 109 0.00 0 1 
30319 56608 16 109.00 0.00 1 0.00 109 0.00 0 1 
30319 44706 16 109.00 0.00 1 0.00 109 0.00 0 1 
30319 32454 16 107.00 4.00 2 0.00 109 150.07 0 1 
30319 18790 16 109.00 0.00 1 0.00 109 0.00 0 1 
1760 37547 15 63.33 3.56 3 0.00 66 2.98 0 1 
30319 36320 16 212.50 10712.25 2 0.00 109 1.31 0 1 
30319 6881 16 208.50 9506.25 2 0.00 111 0.08 0 1 
30319 50814 16 111.00 0.00 1 0.00 111 0.00 0 1 
30319 35413 16 208.50 9506.25 2 0.00 111 0.04 0 1 
30319 51234 16 208.50 9506.25 2 0.00 111 0.10 0 1 
30319 26636 16 208.50 9506.25 2 0.00 111 0.04 0 1 
30319 20719 16 208.50 9506.25 2 0.00 111 0.13 0 1 
30319 6005 16 111.00 0.00 1 0.00 111 0.00 0 1 
30319 29266 16 212.50 10712.25 2 0.00 109 0.16 0 1 
30319 11329 16 109.00 0.00 1 0.00 109 0.00 0 1 
30319 49172 16 159.25 8839.69 4 0.00 109 50.05 0 1 
10883 4171 16 72.50 72.25 2 0.00 81 313.42 0 1 
30319 46570 16 109.00 0.00 1 0.00 109 0.00 0 1 
30319 6881 16 148.40 7542.64 5 0.00 109 80.01 0 1 
30319 6889 16 109.00 0.00 1 0.00 109 0.00 0 1 
30319 32067 16 159.25 8839.69 4 0.00 109 6.72 0 1 
10883 4666 16 68.00 0.00 1 0.00 68 0.00 0 1 
1762 24461 15 63.33 3.56 3 0.00 66 3.00 0 1 
30319 34641 16 109.00 0.00 1 0.00 109 0.00 0 1 
30319 6881 16 107.00 4.00 2 0.00 109 38.24 0 1 
1763 54986 15 63.33 3.56 3 0.00 66 3.01 0 1 
30319 39172 16 109.00 0.00 1 0.00 109 0.00 0 1 
30319 9536 16 212.50 10712.25 2 0.00 109 0.31 0 1 
30319 6881 16 109.00 0.00 1 0.00 109 0.00 0 1 
30319 20654 16 109.00 0.00 1 0.00 109 0.00 0 1 
30319 61631 16 109.00 0.00 1 0.00 109 0.00 0 1 
30319 28437 16 109.00 0.00 1 0.00 109 0.00 0 1 
30319 36345 16 109.00 0.00 1 0.00 109 0.00 0 1 
10883 4672 11 66.00 4.00 2 0.00 68 0.15 0 1 
10883 17011 16 68.00 0.00 1 0.00 68 0.00 0 1 
30319 33032 16 157.75 8492.19 4 0.00 88 6.67 0 1 
30319 14954 16 109.00 0.00 1 0.00 109 0.00 0 1 
30319 51152 16 109.00 0.00 1 0.00 109 0.00 0 1 
30319 49442 16 96.50 156.25 2 0.00 109 2.57 0 1 
10883 52695 16 136.25 13348.19 4 0.00 81 12.57 0 1 
30319 46398 16 111.00 0.00 1 0.00 111 0.00 0 1 
30319 59661 16 111.00 0.00 1 0.00 111 0.00 0 1 
30319 35990 16 111.00 0.00 1 0.00 111 0.00 0 1 
30319 46116 16 111.00 0.00 1 0.00 111 0.00 0 1 
30319 57742 16 158.75 8891.69 8 0.00 109 47.29 0 1 
30319 52696 16 109.00 0.00 1 0.00 109 0.00 0 1 
30319 42051 16 109.00 0.00 1 0.00 109 0.00 0 1 
30319 57545 16 159.25 8839.69 4 0.00 109 6.43 0 1 
30319 33090 16 109.00 0.00 1 0.00 109 0.00 0 1 
30319 49154 16 212.50 10712.25 2 0.00 109 0.07 0 1 
30319 54005 16 212.50 10712.25 2 0.00 109 0.23 0 1 
30319 8686 16 159.25 8839.69 4 0.00 109 44.34 0 1 
30319 17888 16 109.00 0.00 1 0.00 109 0.00 0 1 
30319 20851 16 107.00 4.00 2 0.00 109 152.05 0 1 
30319 22279 16 111.00 0.00 1 0.00 111 0.00 0 1 
30319 49697 16 208.50 9506.25 2 0.00 111 0.57 0 1 
30319 56272 16 109.00 0.00 1 0.00 109 0.00 0 1 
30319 58101 16 208.50 9506.25 2 0.00 111 0.15 0 1 
30319 15927 16 111.00 0.00 1 0.00 111 0.00 0 1 
30319 6881 16 111.00 0.00 1 0.00 111 0.00 0 1 
10883 11245 16 66.00 4.00 2 0.00 68 0.98 0 1 
30319 58446 16 111.00 0.00 1 0.00 111 0.00 0 1 
30319 6881 16 195.00 7396.00 2 0.00 109 0.04 0 1 
30319 55732 16 111.00 0.00 1 0.00 111 0.00 0 1 
30319 27527 16 111.00 0.00 1 0.00 111 0.00 0 1 
30319 49125 16 109.00 0.00 1 0.00 109 0.00 0 1 
30319 6881 16 111.00 0.00 1 0.00 111 0.00 0 1 
30319 53524 16 109.00 0.00 1 0.00 109 0.00 0 1 
1770 25341 15 63.33 3.56 3 0.00 66 3.00 0 1 
30319 6881 16 212.50 10712.25 2 0.00 109 0.10 0 1 
30319 58596 16 191.47 10671.72 19 0.00 88 41.21 0 1 
30319 19965 16 86.00 4.00 2 0.00 88 1.05 0 1 
30319 6881 16 193.71 10369.49 14 0.00 88 55.91 0 1 
10883 17085 16 68.00 0.00 1 0.00 68 0.00 0 1 
30319 49936 16 172.11 9992.32 9 0.00 88 53.02 0 1 
30319 61782 16 139.50 6447.92 6 0.00 88 126.75 0 1 
30319 13309 16 109.00 0.00 1 0.00 109 0.00 0 1 
10883 40976 16 140.25 12818.19 4 0.00 81 69.00 0 1 
30319 43793 16 107.00 4.00 2 0.00 109 137.40 0 1 
1771 55685 15 67.20 336.96 10 0.00 66 1.81 8 1 
30319 10000 16 109.00 0.00 1 0.00 109 0.00 0 1 
30319 48979 16 109.00 0.00 1 0.00 109 0.00 0 1 
30319 12345 16 212.50 10712.25 2 0.00 109 0.05 0 1 
30319 13656 16 159.25 8839.69 4 0.00 109 4.58 0 1 
30319 50969 16 109.00 0.00 1 0.00 109 0.00 0 1 
30319 24052 16 212.50 10712.25 2 0.00 109 0.26 0 1 
30319 30868 16 159.25 8839.69 4 0.00 109 74.74 0 1 
30319 6881 16 109.00 0.00 1 0.00 109 0.00 0 1 
30319 11994 16 109.00 0.00 1 0.00 109 0.00 0 1 
30319 18112 16 109.00 0.00 1 0.00 109 0.00 0 1 
30319 22314 16 212.50 10712.25 2 0.00 109 0.14 0 1 
30319 6881 16 107.00 4.00 2 0.00 109 133.44 0 1 
30319 37261 16 109.00 0.00 1 0.00 109 0.00 0 1 
10883 4672 11 66.00 4.00 2 0.00 68 0.09 0 1 
30319 50000 16 109.00 0.00 1 0.00 109 0.00 0 1 
30319 47243 16 109.00 0.00 1 0.00 109 0.00 0 1 
10883 4672 11 68.67 13.56 3 0.00 73 0.35 0 1 
30319 56427 16 109.00 0.00 1 0.00 109 0.00 0 1 
10883 23178 16 66.00 4.00 2 0.00 68 0.03 0 1 
30319 51264 16 212.50 10712.25 2 0.00 109 0.29 0 1 
30319 41635 16 109.00 0.00 1 0.00 109 0.00 0 1 
10883 4672 11 68.00 0.00 1 0.00 68 0.00 0 1 
10883 4672 11 68.67 13.56 3 0.00 73 0.06 0 1 
1779 41869 15 63.33 3.56 3 0.00 66 2.98 0 1 
10883 16143 16 68.00 0.00 1 0.00 68 0.00 0 1 
30319 33087 16 111.00 0.00 1 0.00 111 0.00 0 1 
30319 61712 16 111.00 0.00 1 0.00 111 0.00 0 1 
30319 50001 16 111.00 0.00 1 0.00 111 0.00 0 1 
30319 6891 16 109.00 0.00 1 0.00 109 0.00 0 1 
1780 35318 15 63.33 3.56 3 0.00 66 2.97 0 1 
30319 39366 16 212.50 10712.25 2 0.00 109 0.82 0 1 
30319 30300 16 212.50 10712.25 2 0.00 109 0.15 0 1 
30319 54555 16 109.00 0.00 1 0.00 109 0.00 0 1 
30319 50001 16 109.00 0.00 1 0.00 109 0.00 0 1 
30319 34757 16 109.00 0.00 1 0.00 109 0.00 0 1 
30319 51234 16 109.00 0.00 1 0.00 109 0.00 0 1 
30319 59445 16 109.00 0.00 1 0.00 109 0.00 0 1 
30319 30142 16 109.00 0.00 1 0.00 109 0.00 0 1 
30319 49152 16 107.00 4.00 2 0.00 109 127.37 0 1 
30319 58688 16 212.50 10712.25 2 0.00 109 0.05 0 1 
30319 43288 16 195.00 7396.00 2 0.00 109 0.64 0 1 
30319 6881 16 109.00 0.00 1 0.00 109 0.00 0 1 
30319 55157 16 109.00 0.00 1 0.00 109 0.00 0 1 
30319 20407 16 189.20 10568.16 10 0.00 109 45.82 0 1 
30319 4897 16 109.00 0.00 1 0.00 109 0.00 0 1 
30319 53530 16 107.00 4.00 2 0.00 109 138.85 0 1 
30319 12062 16 109.00 0.00 1 0.00 109 0.00 0 1 
30319 48339 16 109.00 0.00 1 0.00 109 0.00 0 1 
30319 4750 16 109.00 0.00 1 0.00 109 0.00 0 1 
30319 20772 16 109.00 0.00 1 0.00 109 0.00 0 1 
30319 37226 16 109.00 0.00 1 0.00 109 0.00 0 1 
30319 19999 GPRS-NS 109.00 0.00 1 0.00 109 0.00 0 1 
30319 46523 16 109.00 0.00 1 0.00 109 0.00 0 1 
30319 28037 16 212.50 10712.25 2 0.00 109 0.17 0 1 
30319 47429 16 109.00 0.00 1 0.00 109 0.00 0 1 
30319 56829 16 109.00 0.00 1 0.00 109 0.00 0 1 
10883 60072 16 67.50 14.25 4 0.00 73 0.26 0 1 
10883 33665 16 66.00 4.00 2 0.00 68 0.20 0 1 
30319 64024 16 109.00 0.00 1 0.00 109 0.00 0 1 
30319 18706 16 189.00 8246.00 3 0.00 109 47.44 0 1 
15610 8213 16 100.50 650.25 2 0.00 75 0.16 0 1 
30319 60000 16 212.50 10712.25 2 0.00 109 0.96 0 1 
10883 5672 16 66.00 4.00 2 0.00 68 0.06 0 1 
30319 31030 16 109.00 0.00 1 0.00 109 0.00 0 1 
30319 51151 16 191.00 6400.00 2 0.00 111 0.09 0 1 
30319 31466 16 111.00 0.00 1 0.00 111 0.00 0 1 
30319 40680 16 109.00 0.00 1 0.00 109 0.00 0 1 
1786 61713 15 61.67 4.56 6 0.00 66 0.23 3 1 
30319 37984 16 109.00 0.00 1 0.00 109 0.00 0 1 
30319 50250 16 212.50 10712.25 2 0.00 109 0.64 0 1 
30319 17169 16 109.00 0.00 1 0.00 109 0.00 0 1 
10883 5626 16 68.00 0.00 1 0.00 68 0.00 0 1 
10883 37584 16 74.00 36.00 2 0.00 68 0.24 0 1 
30319 2413 16 109.00 0.00 1 0.00 109 0.00 0 1 
30319 59715 16 209.50 10319.25 4 0.00 111 26.32 0 1 
30319 35364 16 207.50 9704.25 4 0.00 111 206.32 0 1 
30319 58275 16 208.50 9506.25 2 0.00 111 0.13 0 1 
30319 6881 16 208.50 9506.25 2 0.00 111 0.74 0 1 
30319 32094 16 111.00 0.00 1 0.00 111 0.00 0 1 
30319 19156 16 111.00 0.00 1 0.00 111 0.00 0 1 
30319 57419 16 526.50 172640.25 2 0.00 111 0.03 0 1 
30319 64095 16 111.00 0.00 1 0.00 111 0.00 0 1 
30319 58991 16 109.00 0.00 1 0.00 109 0.00 0 1 
30319 6969 16 109.00 0.00 1 0.00 109 0.00 0 1 
30319 6885 16 212.50 10712.25 2 0.00 109 0.07 0 1 
30319 22787 16 212.50 10712.25 2 0.00 109 0.21 0 1 
30319 61065 16 148.40 7542.64 5 0.00 109 77.07 0 1 
30319 50106 16 109.00 0.00 1 0.00 109 0.00 0 1 
30319 64555 16 212.50 10712.25 2 0.00 109 0.42 0 1 
30319 65354 16 109.00 0.00 1 0.00 109 0.00 0 1 
30319 10892 16 109.00 0.00 1 0.00 109 0.00 0 1 
30319 22730 16 212.50 10712.25 2 0.00 109 0.11 0 1 
30319 1081 16 109.00 0.00 1 0.00 109 0.00 0 1 
30319 40535 16 109.00 0.00 1 0.00 109 0.00 0 1 
30319 21244 16 109.00 0.00 1 0.00 109 0.00 0 1 
30319 52532 16 109.00 0.00 1 0.00 109 0.00 0 1 
1792 6900 15 70.83 59.81 6 0.00 66 0.45 3 1 
10883 41276 16 66.00 4.00 2 0.00 68 0.20 0 1 
30319 50025 16 109.00 0.00 1 0.00 109 0.00 0 1 
30319 59500 16 109.00 0.00 1 0.00 109 0.00 0 1 
30319 4672 16 107.00 4.00 2 0.00 109 150.70 0 1 
10883 4672 11 68.00 0.00 1 0.00 68 0.00 0 1 
30319 6882 16 109.00 0.00 1 0.00 109 0.00 0 1 
30319 31815 16 109.00 0.00 1 0.00 109 0.00 0 1 
30319 46052 16 109.00 0.00 1 0.00 109 0.00 0 1 
30319 13378 16 109.00 0.00 1 0.00 109 0.00 0 1 
30319 36818 16 186.40 10427.17 15 0.00 88 72.46 0 1 
30319 30826 16 178.36 9730.52 14 0.00 88 88.31 0 1 
30319 19000 16 105.00 289.00 2 0.00 88 0.22 0 1 
30319 35502 16 109.00 0.00 1 0.00 109 0.00 0 1 
30319 21431 16 92.33 82.89 3 0.00 88 45.53 0 1 
30319 50505 16 109.00 0.00 1 0.00 109 0.00 0 1 
30319 16889 16 111.00 0.00 1 0.00 111 0.00 0 1 
30319 20809 16 111.00 0.00 1 0.00 111 0.00 0 1 
30319 12993 16 92.33 82.89 3 0.00 88 0.49 0 1 
30319 6885 16 138.17 5852.14 6 0.00 88 100.66 0 1 
30319 15253 16 104.00 326.00 4 0.00 88 64.28 0 1 
30319 15886 16 86.00 4.00 2 0.00 88 55.50 0 1 
30319 43427 16 183.31 10436.52 13 0.00 88 84.93 0 1 
30319 57966 16 180.27 9827.65 11 0.00 88 77.07 0 1 
30319 62511 16 109.00 0.00 1 0.00 109 0.00 0 1 
10883 46088 16 68.50 20.25 2 0.00 73 0.00 0 1 
30319 6881 16 92.33 82.89 3 0.00 88 8.52 0 1 
30319 31785 16 92.33 82.89 3 0.00 88 36.49 0 1 
30319 62415 16 92.33 82.89 3 0.00 88 34.31 0 1 
30319 15665 16 96.50 72.25 2 0.00 88 28.86 0 1 
30319 57343 16 96.50 72.25 2 0.00 88 28.93 0 1 
30319 25702 16 169.67 10754.89 3 0.00 88 33.40 0 1 
10883 4672 11 74.00 36.00 2 0.00 68 0.12 0 1 
30319 6881 16 175.33 9989.89 6 0.00 88 43.45 0 1 
30319 45286 16 109.00 0.00 1 0.00 109 0.00 0 1 
30319 23467 16 212.50 10712.25 2 0.00 109 0.04 0 1 
30319 38318 16 212.50 10712.25 2 0.00 109 0.16 0 1 
30319 10080 16 92.33 82.89 3 0.00 88 37.92 0 1 
30319 11111 16 109.00 0.00 1 0.00 109 0.00 0 1 
30319 53030 16 109.00 0.00 1 0.00 109 0.00 0 1 
30319 10368 16 109.00 0.00 1 0.00 109 0.00 0 1 
30319 28643 16 109.00 0.00 1 0.00 109 0.00 0 1 
10883 4672 11 67.50 14.25 4 0.00 73 0.07 0 1 
30319 14820 16 212.50 10712.25 2 0.00 109 0.08 0 1 
30319 45735 16 109.00 0.00 1 0.00 109 0.00 0 1 
30319 46274 16 92.33 82.89 3 0.00 88 8.52 0 1 
10883 52051 16 68.00 0.00 1 0.00 68 0.00 0 1 
30319 58293 16 92.33 82.89 3 0.00 88 29.07 0 1 
1594 80 15 167.58 57606.58 12 0.00 66 0.26 11 1 
10883 30906 16 67.00 18.00 3 0.00 73 0.07 0 1 
30319 50000 16 111.00 0.00 1 0.00 111 0.00 0 1 
30319 46440 16 212.50 10712.25 2 0.00 109 0.11 0 1 
30319 51000 16 109.00 0.00 1 0.00 109 0.00 0 1 
10883 4672 11 68.00 0.00 1 0.00 68 0.00 0 1 
30319 52056 16 109.00 0.00 1 0.00 109 0.00 0 1 
1596 80 15 167.18 62841.60 11 0.00 66 0.14 10 1 
30319 46686 16 92.33 138.89 3 0.00 109 32.01 0 1 
1598 80 15 167.17 59413.81 12 0.00 66 0.02 11 1 
1601 80 15 175.15 55803.82 13 0.00 66 0.62 12 1 
30319 56326 16 157.75 8492.19 4 0.00 88 64.30 0 1 
30319 36920 16 111.00 0.00 1 0.00 111 0.00 0 1 
30319 10521 16 109.00 0.00 1 0.00 109 0.00 0 1 
30319 8484 16 109.00 0.00 1 0.00 109 0.00 0 1 
30319 64132 16 109.00 0.00 1 0.00 109 0.00 0 1 
30319 6881 16 109.00 0.00 1 0.00 109 0.00 0 1 
30319 63442 16 109.00 0.00 1 0.00 109 0.00 0 1 
30319 52317 16 109.00 0.00 1 0.00 109 0.00 0 1 
30319 18513 16 92.33 82.89 3 0.00 88 28.02 0 1 
30319 65292 16 109.00 0.00 1 0.00 109 0.00 0 1 
10883 4672 11 68.00 0.00 1 0.00 68 0.00 0 1 
30319 46910 16 212.50 10712.25 2 0.00 109 0.67 0 1 
30319 53816 16 109.00 0.00 1 0.00 109 0.00 0 1 
30319 59999 16 109.00 0.00 1 0.00 109 0.00 0 1 
30319 52327 16 113.00 4.00 2 0.00 111 0.35 0 1 
30319 18439 16 111.00 0.00 1 0.00 111 0.00 0 1 
30319 49465 16 186.09 10195.38 23 0.00 111 50.98 0 1 
30319 27063 16 111.00 0.00 1 0.00 111 0.00 0 1 
30319 37720 16 111.00 0.00 1 0.00 111 0.00 0 1 
30319 52160 16 191.08 10337.08 24 0.00 88 44.64 0 1 
30319 58114 16 187.80 10167.89 15 0.00 88 77.00 0 1 
30319 35046 16 98.00 290.67 3 0.00 88 362.21 0 1 
30319 6080 16 156.25 8152.69 8 0.00 88 146.39 0 1 
30319 56852 16 141.40 6959.84 5 0.00 88 231.03 0 1 
1614 10010 15 176.00 64593.45 11 0.00 66 0.80 9 1 
1689 6348 15 64.00 4.00 2 0.00 66 1.45 0 1 
1691 39762 15 64.00 4.00 2 0.00 66 1.48 0 1 
1616 54407 15 63.33 3.56 3 0.00 66 2.97 0 1 
1619 40351 15 63.33 3.56 3 0.00 66 3.00 0 1 
1622 20001 15 901.16 509968.38 765 0.01 66 0.08 764 1 
1625 25401 15 61.67 4.56 6 0.00 66 0.35 3 1 
10883 31272 16 72.50 72.25 2 0.00 81 5.00 0 1 
30319 49153 16 109.00 0.00 1 0.00 109 0.00 0 1 
30319 31552 16 109.00 0.00 1 0.00 109 0.00 0 1 
30319 34620 16 109.00 0.00 1 0.00 109 0.00 0 1 
30319 6881 16 212.50 10712.25 2 0.00 109 0.08 0 1 
10883 14935 16 159.67 15585.56 6 0.00 81 29.56 0 1 
30319 26132 16 88.00 0.00 1 0.00 88 0.00 0 1 
30319 46456 16 88.00 0.00 1 0.00 88 0.00 0 1 
30319 6885 16 91.50 82.25 4 0.00 88 118.70 0 1 
30319 6881 16 178.36 9730.52 14 0.00 88 7.59 0 1 
1628 10000 15 137.18 27991.06 11 0.00 66 0.85 9 1 
10883 7128 16 68.00 0.00 1 0.00 68 0.00 0 1 
30319 51894 16 208.30 10356.41 20 0.00 111 58.44 0 1 
10883 52760 16 74.00 36.00 2 0.00 68 0.05 0 1 
30319 39165 16 175.00 9692.00 6 0.00 111 32.11 0 1 
30319 55378 16 163.33 8272.00 18 0.00 111 60.27 0 1 
30319 32352 16 135.71 5896.78 7 0.00 111 46.19 0 1 
30319 4444 16 108.00 9.00 2 0.00 111 1.49 0 1 
30319 29165 16 107.00 8.00 3 0.00 111 74.95 0 1 
30319 15989 16 107.00 8.00 3 0.00 111 75.00 0 1 
30319 35620 16 108.00 9.00 2 0.00 111 7.03 0 1 
30319 6875 16 208.50 9506.25 2 0.00 111 0.03 0 1 
10883 4672 11 68.00 0.00 1 0.00 68 0.00 0 1 
30319 61472 16 253.60 41745.44 5 0.00 111 146.61 0 1 
30319 48501 16 108.00 9.00 2 0.00 111 25.06 0 1 
30319 47390 16 209.50 10319.25 4 0.00 111 4.35 0 1 
30319 6260 16 108.00 9.00 2 0.00 111 25.26 0 1 
30319 16869 16 94.00 151.60 5 0.00 111 10.81 0 1 
30319 55602 16 111.00 0.00 1 0.00 111 0.00 0 1 
30319 39806 16 111.00 0.00 1 0.00 111 0.00 0 1 
30319 60226 16 208.50 9506.25 2 0.00 111 0.19 0 1 
30319 50964 16 526.50 172640.25 2 0.00 111 0.03 0 1 
30319 56556 16 172.33 9058.89 12 0.00 111 75.03 0 1 
30319 24500 16 111.00 0.00 1 0.00 111 0.00 0 1 
30319 12690 16 109.00 0.00 1 0.00 109 0.00 0 1 
30319 40445 16 208.50 9506.25 2 0.00 111 0.07 0 1 
30319 19837 16 111.00 0.00 1 0.00 111 0.00 0 1 
30319 65432 16 525.50 171810.25 2 0.00 111 0.04 0 1 
30319 57456 16 106.50 20.25 2 0.00 111 0.15 0 1 
30319 51152 16 111.00 0.00 1 0.00 111 0.00 0 1 
30319 22590 16 85.33 3.56 3 0.00 88 17.33 0 1 
30319 60200 16 527.00 173056.00 2 0.00 111 0.08 0 1 
30319 24987 16 167.08 6793.92 13 0.00 88 83.04 0 1 
30319 51347 16 85.33 3.56 3 0.00 88 25.77 0 1 
30319 23313 16 85.33 3.56 3 0.00 88 25.73 0 1 
10883 4672 11 74.00 36.00 2 0.00 68 0.20 0 1 
30319 54666 16 143.00 7664.00 5 0.00 88 230.91 0 1 
30319 10991 16 181.75 9716.81 16 0.00 88 72.69 0 1 
30319 16531 16 90.25 75.19 4 0.00 88 44.86 0 1 
10883 16978 16 71.50 34.25 4 0.00 73 0.04 0 1 
30319 18006 16 140.50 6688.58 6 0.00 88 42.15 0 1 
30319 6666 SIGCOMP 157.75 8492.19 4 0.00 88 51.83 0 1 
30319 35670 16 104.00 326.00 4 0.00 88 101.48 0 1 
30319 32450 16 166.30 8906.21 10 0.00 88 25.05 0 1 
30319 49423 16 135.67 5964.22 6 0.00 88 122.81 0 1 
30319 5001 16 181.46 9772.40 13 0.00 88 88.26 0 1 
30319 60025 16 86.00 4.00 2 0.00 88 46.78 0 1 
30319 65256 16 88.00 0.00 1 0.00 88 0.00 0 1 
30319 9999 16 167.00 9720.67 3 0.00 88 232.70 0 1 
30319 11896 16 155.75 7716.19 4 0.00 111 1.19 0 1 
30319 58894 16 96.50 72.25 2 0.00 88 21.99 0 1 
30319 47778 16 109.00 0.00 1 0.00 109 0.00 0 1 
30319 26584 16 109.00 0.00 1 0.00 109 0.00 0 1 
30319 39112 16 109.00 0.00 1 0.00 109 0.00 0 1 
30319 59152 16 109.00 0.00 1 0.00 109 0.00 0 1 
30319 60000 16 212.50 10712.25 2 0.00 109 0.61 0 1 
30319 44680 16 208.50 9506.25 2 0.00 111 0.09 0 1 
30319 34557 16 111.00 0.00 1 0.00 111 0.00 0 1 
30319 14538 16 86.00 4.00 2 0.00 88 0.58 0 1 
30319 18831 16 177.21 9308.88 14 0.00 88 63.86 0 1 
30319 5010 16 172.67 8985.89 6 0.00 88 197.32 0 1 
30319 32323 16 189.58 9729.24 12 0.00 88 47.75 0 1 
30319 16330 16 181.12 9429.11 8 0.00 88 64.12 0 1 
30319 10630 16 109.00 0.00 1 0.00 109 0.00 0 1 
10883 4178 16 68.00 0.00 1 0.00 68 0.00 0 1 
30319 53290 16 172.67 8985.89 6 0.00 88 166.95 0 1 
30319 16927 16 85.33 3.56 3 0.00 88 140.16 0 1 
30319 56783 16 155.75 7670.19 4 0.00 88 90.09 0 1 
30319 43089 16 98.00 290.67 3 0.00 88 342.71 0 1 
1634 61291 15 63.33 3.56 3 0.00 66 12.80 0 1 
30319 35287 16 86.00 4.00 2 0.00 88 0.56 0 1 
30319 6881 16 86.00 4.00 2 0.00 88 0.56 0 1 
30319 25402 16 177.21 9308.88 14 0.00 88 84.31 0 1 
30319 63670 16 155.25 7739.69 8 0.00 88 147.53 0 1 
30319 44580 16 93.00 100.67 3 0.00 88 70.09 0 1 
30319 50306 16 190.21 10238.69 19 0.00 88 57.89 0 1 
30319 60949 16 85.33 3.56 3 0.00 88 311.79 0 1 
1636 48031 15 63.33 3.56 3 0.00 66 12.31 0 1 
30319 19303 16 156.25 8152.69 8 0.00 88 24.85 0 1 
1637 6881 15 73.20 598.56 10 0.00 66 0.02 9 1 
30319 4672 11 157.25 8563.69 8 0.00 88 119.91 0 1 
30319 6883 16 184.61 9905.13 18 0.00 88 60.44 0 1 
30319 21222 16 187.00 9907.40 10 0.00 88 102.78 0 1 
30319 50000 16 172.67 8985.89 6 0.00 88 171.29 0 1 
30319 65532 16 105.00 192.67 3 0.00 88 65.85 0 1 
10883 59966 16 67.50 14.25 4 0.00 73 0.04 0 1 
10883 60596 16 68.00 0.00 1 0.00 68 0.00 0 1 
10883 4398 16 72.33 42.89 3 0.00 73 0.64 0 1 
10883 4661 16 66.00 4.00 2 0.00 68 258.66 0 1 
10883 4672 11 68.00 0.00 1 0.00 68 0.00 0 1 
30319 12016 16 107.00 4.00 2 0.00 109 127.36 0 1 
30319 31146 16 109.00 0.00 1 0.00 109 0.00 0 1 
30319 34724 16 148.86 5916.41 7 0.00 109 61.30 0 1 
30319 25114 16 212.50 10712.25 2 0.00 109 3.86 0 1 
30319 42693 16 109.00 0.00 1 0.00 109 0.00 0 1 
30319 41084 16 109.00 0.00 1 0.00 109 0.00 0 1 
30319 10479 16 109.00 0.00 1 0.00 109 0.00 0 1 
30319 47615 16 109.00 0.00 1 0.00 109 0.00 0 1 
30319 40042 16 511.50 160400.25 2 0.00 111 0.03 0 1 
30319 35268 16 105.00 11.20 5 0.00 109 49.86 0 1 
30319 50000 16 148.80 7511.76 5 0.00 111 34.68 0 1 
30319 44046 16 108.00 9.00 2 0.00 111 0.39 0 1 
30319 46029 16 108.00 9.00 2 0.00 111 0.22 0 1 
30319 1337 16 108.00 9.00 2 0.00 111 0.28 0 1 
30319 57898 16 107.00 2.67 3 0.00 109 65.35 0 1 
30319 64420 16 107.00 8.00 3 0.00 111 66.43 0 1 
30319 58665 16 111.00 0.00 1 0.00 111 0.00 0 1 
30319 51443 16 111.00 0.00 1 0.00 111 0.00 0 1 
30319 6881 16 109.00 0.00 1 0.00 109 0.00 0 1 
30319 63200 16 109.00 0.00 1 0.00 109 0.00 0 1 
30319 6200 16 212.50 10712.25 2 0.00 109 0.20 0 1 
1644 1245 15 62.00 4.80 5 0.00 66 0.09 2 1 
30319 15812 16 111.00 0.00 1 0.00 111 0.00 0 1 
30319 54726 16 108.00 9.00 2 0.00 111 0.17 0 1 
30319 44703 16 105.14 7.84 7 0.00 109 97.40 0 1 
30319 55963 16 109.00 0.00 1 0.00 109 0.00 0 1 
30319 37067 16 107.00 2.67 3 0.00 109 109.75 0 1 
30319 41999 16 109.00 0.00 1 0.00 109 0.00 0 1 
30319 60999 16 96.50 156.25 2 0.00 109 31.51 0 1 
30319 46192 16 201.12 15631.61 8 0.00 109 85.21 0 1 
30319 31313 16 109.00 0.00 1 0.00 109 0.00 0 1 
30319 6881 16 109.00 0.00 1 0.00 109 0.00 0 1 
30319 21569 16 511.50 160400.25 2 0.00 111 0.10 0 1 
30319 34638 16 111.00 0.00 1 0.00 111 0.00 0 1 
30319 57103 16 109.00 0.00 1 0.00 109 0.00 0 1 
30319 61514 16 212.50 10712.25 2 0.00 109 0.10 0 1 
30319 62634 16 109.00 0.00 1 0.00 109 0.00 0 1 
30319 15997 16 109.00 0.00 1 0.00 109 0.00 0 1 
1650 27288 15 119.09 14769.89 230 0.00 66 0.24 228 1 
30319 18199 16 108.00 9.00 2 0.00 111 69.41 0 1 
30319 34563 16 153.00 8170.00 9 0.00 111 47.67 0 1 
30319 22203 16 108.00 9.00 2 0.00 111 0.16 0 1 
30319 12490 16 107.00 2.67 3 0.00 109 66.18 0 1 
30319 36629 16 256.00 84253.14 7 0.00 109 50.57 0 1 
30319 19539 16 111.00 0.00 1 0.00 111 0.00 0 1 
30319 6881 16 141.50 6526.25 6 0.00 111 58.86 0 1 
1652 55555 15 63.33 3.56 3 0.00 66 2.73 0 1 
30319 12887 16 174.60 1187.44 5 0.00 218 2.53 0 1 
30319 49152 16 107.00 8.00 3 0.00 111 68.25 0 1 
10883 7562 16 66.00 4.00 2 0.00 68 0.13 0 1 
30319 26001 16 111.00 0.00 1 0.00 111 0.00 0 1 
30319 51112 16 169.75 6897.69 8 0.00 111 74.04 0 1 
30319 12558 16 108.00 9.00 2 0.00 111 224.12 0 1 
30319 6885 16 175.00 9692.00 6 0.00 111 98.25 0 1 
30319 41041 16 208.50 9506.25 2 0.00 111 0.03 0 1 
30319 6881 16 208.50 9506.25 2 0.00 111 0.14 0 1 
30319 49155 16 155.75 7716.19 4 0.00 111 206.27 0 1 
30319 46830 16 111.00 0.00 1 0.00 111 0.00 0 1 
30319 27576 16 111.00 0.00 1 0.00 111 0.00 0 1 
30319 11218 16 111.00 0.00 1 0.00 111 0.00 0 1 
30319 23935 16 99.33 64.22 3 0.00 88 0.67 0 1 
30319 46142 16 99.33 64.22 3 0.00 88 11.60 0 1 
30319 47199 16 99.33 64.22 3 0.00 88 11.88 0 1 
30319 56848 16 107.00 2.00 4 0.00 109 50.52 0 1 
30319 61598 16 107.00 2.00 4 0.00 109 56.14 0 1 
30319 6881 16 109.00 0.00 1 0.00 109 0.00 0 1 
30319 6881 16 109.00 0.00 1 0.00 109 0.00 0 1 
30319 59722 16 109.00 0.00 1 0.00 109 0.00 0 1 
30319 60010 16 103.67 337.89 6 0.00 88 36.29 0 1 
30319 59009 16 104.00 326.00 4 0.00 88 0.48 0 1 
30319 6550 16 100.00 324.80 5 0.00 88 58.06 0 1 
30319 57606 16 86.00 4.00 2 0.00 88 1.08 0 1 
30319 28158 16 98.00 290.67 3 0.00 88 54.10 0 1 
30319 61532 16 162.29 9584.20 7 0.00 88 87.98 0 1 
30319 17001 16 157.75 8492.19 4 0.00 88 38.86 0 1 
30319 32770 16 109.00 0.00 1 0.00 109 0.00 0 1 
30319 44825 16 109.00 0.00 1 0.00 109 0.00 0 1 
30319 15258 16 109.00 0.00 1 0.00 109 0.00 0 1 
30319 29570 16 109.00 0.00 1 0.00 109 0.00 0 1 
30319 65000 16 109.00 0.00 1 0.00 109 0.00 0 1 
30319 39002 16 157.75 8492.19 4 0.00 88 4.86 0 1 
30319 60001 16 157.75 8492.19 4 0.00 88 5.16 0 1 
30319 59891 16 96.50 72.25 2 0.00 88 19.36 0 1 
30319 49125 16 111.00 0.00 1 0.00 111 0.00 0 1 
30319 43056 16 109.00 4.00 2 0.00 111 0.50 0 1 
10883 1091 16 72.33 42.89 3 0.00 73 0.32 0 1 
30319 56994 16 109.00 0.00 1 0.00 109 0.00 0 1 
30319 13128 16 109.00 0.00 1 0.00 109 0.00 0 1 
30319 42414 16 109.00 0.00 1 0.00 109 0.00 0 1 
30319 26944 16 169.89 7646.54 9 0.00 109 46.13 0 1 
30319 34392 16 109.00 0.00 1 0.00 109 0.00 0 1 
30319 49950 16 109.00 0.00 1 0.00 109 0.00 0 1 
30319 62873 16 109.00 0.00 1 0.00 109 0.00 0 1 
10883 64405 16 67.00 18.00 3 0.00 73 0.11 0 1 
30319 65535 16 107.00 2.67 3 0.00 109 63.73 0 1 
1658 33543 15 63.33 3.56 3 0.00 66 3.01 0 1 
30319 62016 16 111.00 0.00 1 0.00 111 0.00 0 1 
30319 49398 16 111.00 0.00 1 0.00 111 0.00 0 1 
30319 19516 16 207.00 9802.50 8 0.00 111 110.71 0 1 
30319 65534 16 109.00 0.00 1 0.00 109 0.00 0 1 
30319 57303 16 109.00 0.00 1 0.00 109 0.00 0 1 
10883 4672 11 68.00 0.00 1 0.00 68 0.00 0 1 
30319 26315 16 109.00 0.00 1 0.00 109 0.00 0 1 
30319 12870 16 96.50 72.25 2 0.00 88 4.84 0 1 
30319 25894 16 190.21 10238.69 19 0.00 88 56.94 0 1 
30319 1707 16 181.88 9838.36 16 0.00 88 67.65 0 1 
10883 30530 16 68.00 0.00 1 0.00 68 0.00 0 1 
30319 20541 16 111.00 0.00 1 0.00 111 0.00 0 1 
30319 6881 16 109.00 4.00 2 0.00 111 345.19 0 1 
30319 43349 16 208.50 9506.25 2 0.00 111 0.04 0 1 
30319 59218 16 111.00 0.00 1 0.00 111 0.00 0 1 
30319 10098 16 170.33 9313.11 9 0.00 88 76.68 0 1 
30319 64289 16 98.00 290.67 3 0.00 88 1.98 0 1 
30319 49155 16 161.64 8679.50 11 0.00 88 98.25 0 1 
30319 41102 16 86.00 4.00 2 0.00 88 114.36 0 1 
30319 26174 16 141.40 6959.84 5 0.00 88 57.84 0 1 
30319 45226 16 107.40 3.84 5 0.00 111 222.88 0 1 
30319 33711 16 111.00 0.00 1 0.00 111 0.00 0 1 
30319 6881 16 111.00 0.00 1 0.00 111 0.00 0 1 
30319 6931 16 111.00 0.00 1 0.00 111 0.00 0 1 
30319 49155 16 108.00 9.00 2 0.00 111 189.24 0 1 
30319 23772 16 108.00 9.00 2 0.00 111 0.70 0 1 
30319 6889 16 107.00 8.00 3 0.00 111 68.57 0 1 
30319 41615 16 185.87 10239.32 15 0.00 88 69.89 0 1 
30319 48020 16 85.33 3.56 3 0.00 88 6.74 0 1 
30319 10729 16 86.00 4.00 2 0.00 88 14.98 0 1 
30319 14057 16 146.00 6516.40 5 0.00 88 218.54 0 1 
15610 40203 16 75.00 0.00 1 0.00 75 0.00 0 1 
30319 55713 16 109.00 0.00 1 0.00 109 0.00 0 1 
30319 62823 16 107.00 4.00 2 0.00 109 99.49 0 1 
1664 30509 15 63.33 3.56 3 0.00 66 3.01 0 1 
30319 9335 16 281.00 93644.00 6 0.00 111 93.83 0 1 
30319 59753 16 111.00 0.00 1 0.00 111 0.00 0 1 
10883 4672 11 68.00 0.00 1 0.00 68 0.00 0 1 
30319 14603 16 109.00 0.00 1 0.00 109 0.00 0 1 
30319 46000 16 109.00 0.00 1 0.00 109 0.00 0 1 
30319 15255 16 111.00 0.00 1 0.00 111 0.00 0 1 
30319 52700 16 109.00 0.00 1 0.00 109 0.00 0 1 
10883 62727 16 66.00 4.00 2 0.00 68 2.13 0 1 
30319 51001 16 109.00 0.00 1 0.00 109 0.00 0 1 
30319 23636 16 96.50 72.25 2 0.00 88 0.02 0 1 
30319 44894 16 111.00 0.00 1 0.00 111 0.00 0 1 
10883 35087 16 113.83 9903.81 6 0.00 81 81.24 0 1 
1666 64524 15 63.33 3.56 3 0.00 66 3.00 0 1 
30319 41246 16 212.50 10712.25 2 0.00 109 0.42 0 1 
30319 52525 16 107.67 0.89 3 0.00 109 101.97 0 1 
30319 55453 16 212.50 10712.25 2 0.00 109 0.04 0 1 
30319 59889 16 109.00 0.00 1 0.00 109 0.00 0 1 
10883 35044 16 70.67 46.22 3 0.00 68 280.19 0 1 
10883 55685 16 66.00 4.00 2 0.00 68 0.13 0 1 
30319 22556 16 111.00 0.00 1 0.00 111 0.00 0 1 
30319 38495 16 111.00 0.00 1 0.00 111 0.00 0 1 
10883 30335 16 67.50 14.25 4 0.00 73 0.30 0 1 
30319 25673 16 212.50 10712.25 2 0.00 109 0.17 0 1 
30319 63437 16 107.67 0.89 3 0.00 109 100.33 0 1 
30319 49666 16 107.00 2.67 3 0.00 109 86.96 0 1 
1668 56688 15 63.33 3.56 3 0.00 66 3.01 0 1 
30319 24040 16 109.00 0.00 1 0.00 109 0.00 0 1 
30319 38863 16 107.00 2.67 3 0.00 109 63.39 0 1 
30319 52853 16 109.00 0.00 1 0.00 109 0.00 0 1 
15610 10047 16 79.00 0.00 1 0.00 79 0.00 0 1 
30319 499 16 109.00 0.00 1 0.00 109 0.00 0 1 
30319 65535 16 109.00 0.00 1 0.00 109 0.00 0 1 
1670 60951 15 63.33 3.56 3 0.00 66 2.98 0 1 
30319 50000 16 111.00 0.00 1 0.00 111 0.00 0 1 
30319 44084 16 208.50 9506.25 2 0.00 111 0.03 0 1 
30319 49152 16 200.38 10186.24 13 0.00 111 62.97 0 1 
30319 6881 16 109.00 0.00 1 0.00 109 0.00 0 1 
30319 28791 16 109.00 0.00 1 0.00 109 0.00 0 1 
30319 45142 16 109.00 0.00 1 0.00 109 0.00 0 1 
10883 4672 11 67.00 4.67 3 0.00 68 200.14 0 1 
10883 14416 16 66.00 4.00 2 0.00 68 0.11 0 1 
30319 62919 16 111.00 0.00 1 0.00 111 0.00 0 1 
30319 40898 16 107.00 4.00 2 0.00 109 101.68 0 1 
30319 32954 16 107.00 4.00 2 0.00 109 101.64 0 1 
30319 6883 16 104.00 0.00 1 0.00 104 0.00 0 1 
30319 41803 16 109.00 0.00 1 0.00 109 0.00 0 1 
30319 50000 16 109.00 0.00 1 0.00 109 0.00 0 1 
30319 42531 16 138.17 5852.14 6 0.00 88 0.47 0 1 
30319 41562 16 85.33 3.56 3 0.00 88 0.96 0 1 
30319 1337 16 86.00 4.00 2 0.00 88 1.27 0 1 
30319 43626 16 98.00 290.67 3 0.00 88 0.67 0 1 
30319 34072 16 108.00 9.00 2 0.00 111 187.99 0 1 
30319 25503 16 86.00 4.00 2 0.00 88 40.70 0 1 
30319 54686 16 88.00 0.00 1 0.00 88 0.00 0 1 
30319 38383 16 111.00 0.00 1 0.00 111 0.00 0 1 
30319 52400 16 88.00 0.00 1 0.00 88 0.00 0 1 
30319 35322 16 192.57 9652.24 7 0.00 111 145.58 0 1 
30319 49160 16 88.00 0.00 1 0.00 88 0.00 0 1 
30319 42929 16 88.00 0.00 1 0.00 88 0.00 0 1 
30319 6881 16 88.00 0.00 1 0.00 88 0.00 0 1 
30319 60400 16 107.00 4.00 2 0.00 109 98.97 0 1 
30319 55162 16 109.00 0.00 1 0.00 109 0.00 0 1 
30319 51388 16 109.00 0.00 1 0.00 109 0.00 0 1 
30319 59665 16 109.00 0.00 1 0.00 109 0.00 0 1 
30319 51883 16 109.00 0.00 1 0.00 109 0.00 0 1 
30319 63447 16 109.00 0.00 1 0.00 109 0.00 0 1 
30319 52355 16 96.50 72.25 2 0.00 88 0.06 0 1 
30319 52788 16 96.50 156.25 2 0.00 109 10.83 0 1 
30319 6881 16 92.33 82.89 3 0.00 88 7.50 0 1 
30319 25673 16 92.33 82.89 3 0.00 88 17.19 0 1 
30319 45876 16 157.75 8492.19 4 0.00 88 13.02 0 1 
30319 6882 16 169.67 10754.89 3 0.00 88 25.35 0 1 
30319 59589 16 92.33 82.89 3 0.00 88 17.15 0 1 
30319 13261 16 92.33 82.89 3 0.00 88 16.94 0 1 
30319 2451 16 92.33 82.89 3 0.00 88 32.60 0 1 
30319 24053 16 92.33 82.89 3 0.00 88 16.78 0 1 
30319 21483 16 109.00 0.00 1 0.00 109 0.00 0 1 
30319 26746 16 109.00 0.00 1 0.00 109 0.00 0 1 
10883 4672 11 96.50 1406.25 4 0.00 68 5.60 0 1 
30319 54606 16 109.00 0.00 1 0.00 109 0.00 0 1 
30319 18587 16 109.00 0.00 1 0.00 109 0.00 0 1 
30319 33845 16 212.50 10712.25 2 0.00 109 0.03 0 1 
10883 4719 16 66.00 4.00 2 0.00 68 0.11 0 1 
30319 6667 16 111.00 0.00 1 0.00 111 0.00 0 1 
10883 28303 16 75.00 60.67 3 0.00 81 59.60 0 1 
30319 13399 16 208.50 9506.25 2 0.00 111 0.13 0 1 
30319 17224 16 156.00 3682.67 6 0.00 218 43.52 0 1 
30319 52100 16 109.00 0.00 1 0.00 109 0.00 0 1 
30319 59966 16 159.25 8839.69 4 0.00 109 89.45 0 1 
30319 41365 16 109.00 0.00 1 0.00 109 0.00 0 1 
30319 10956 16 107.00 4.00 2 0.00 109 94.65 0 1 
30319 18866 16 109.00 0.00 1 0.00 109 0.00 0 1 
30319 38957 16 135.70 4007.01 10 0.00 109 105.27 0 1 
10883 47971 16 72.50 72.25 2 0.00 81 148.11 0 1 
30319 51826 16 109.00 0.00 1 0.00 109 0.00 0 1 
30319 6881 16 159.25 8839.69 4 0.00 109 19.29 0 1 
10883 1563 16 75.00 60.67 3 0.00 81 78.51 0 1 
30319 49666 16 96.50 72.25 2 0.00 88 0.10 0 1 
30319 55500 16 109.00 0.00 1 0.00 109 0.00 0 1 
30319 41817 16 109.00 0.00 1 0.00 109 0.00 0 1 
10883 41415 16 140.25 12818.19 4 0.00 81 133.11 0 1 
30319 40337 16 212.50 10712.25 2 0.00 109 0.29 0 1 
10883 4737 16 68.00 0.00 1 0.00 68 0.00 0 1 
30319 6881 16 174.44 9393.58 9 0.00 109 107.08 0 1 
30319 25374 16 109.00 0.00 1 0.00 109 0.00 0 1 
30319 6878 16 109.00 0.00 1 0.00 109 0.00 0 1 
30319 23340 16 111.00 0.00 1 0.00 111 0.00 0 1 
30319 6115 16 111.00 0.00 1 0.00 111 0.00 0 1 
1686 14783 15 63.33 3.56 3 0.00 66 3.00 0 1 
30319 59603 16 111.00 0.00 1 0.00 111 0.00 0 1 
30319 22878 16 109.00 0.00 1 0.00 109 0.00 0 1 
10883 39138 16 67.50 14.25 4 0.00 73 0.07 0 1 
30319 50001 16 107.00 4.00 2 0.00 109 100.90 0 1 
30319 52231 16 107.00 8.00 3 0.00 111 125.75 0 1 
30319 45783 16 107.00 8.00 3 0.00 111 125.75 0 1 
30319 62000 16 107.00 4.00 2 0.00 109 114.13 0 1 
30319 56881 16 109.00 0.00 1 0.00 109 0.00 0 1 
10883 32794 16 67.50 14.25 4 0.00 73 0.14 0 1 
1687 42344 15 64.00 4.00 2 0.00 66 1.50 0 1 
10883 4672 11 75.00 60.67 3 0.00 81 53.30 0 1 
1688 58022 15 63.33 3.56 3 0.00 66 2.99 0 1 
30319 58475 16 141.40 5392.24 5 0.00 109 55.23 0 1 
30319 6881 16 109.00 0.00 1 0.00 109 0.00 0 1 
30319 56744 16 212.50 10712.25 2 0.00 109 0.24 0 1 
30319 24694 16 158.75 8891.69 8 0.00 109 43.74 0 1 
30319 18815 16 159.25 8839.69 4 0.00 109 15.80 0 1 
10883 7571 16 67.00 18.00 3 0.00 73 0.04 0 1 
30319 17770 16 158.75 8891.69 8 0.00 109 43.66 0 1 
30319 56940 16 109.00 0.00 1 0.00 109 0.00 0 1 
10883 44429 16 68.00 0.00 1 0.00 68 0.00 0 1 
10883 5790 16 72.33 42.89 3 0.00 73 0.18 0 1 
30319 55555 16 109.00 0.00 1 0.00 109 0.00 0 1 
30319 30032 16 109.00 0.00 1 0.00 109 0.00 0 1 
30319 64177 16 109.00 0.00 1 0.00 109 0.00 0 1 
1691 62676 15 63.33 3.56 3 0.00 66 2.97 0 1 
30319 49380 16 109.00 0.00 1 0.00 109 0.00 0 1 
10883 4672 11 68.00 0.00 1 0.00 68 0.00 0 1 
30319 55815 16 149.75 6132.19 4 0.00 109 40.38 0 1 
30319 46826 16 109.00 0.00 1 0.00 109 0.00 0 1 
30319 15742 16 109.00 0.00 1 0.00 109 0.00 0 1 
30319 57042 16 107.00 4.00 2 0.00 109 93.32 0 1 
10883 4672 11 66.00 4.00 2 0.00 68 0.04 0 1 
30319 45872 16 212.50 10712.25 2 0.00 109 0.07 0 1 
30319 44582 16 195.00 7396.00 2 0.00 109 0.09 0 1 
30319 49152 16 212.50 10712.25 2 0.00 109 0.14 0 1 
10883 4672 11 208.50 16256.25 2 0.00 81 0.25 0 1 
30319 6881 16 111.00 0.00 1 0.00 111 0.00 0 1 
30319 23083 16 109.00 0.00 1 0.00 109 0.00 0 1 
30319 23230 16 109.00 0.00 1 0.00 109 0.00 0 1 
30319 44838 16 109.00 0.00 1 0.00 109 0.00 0 1 
10883 9087 16 66.00 4.00 2 0.00 68 0.07 0 1 
30319 32540 16 300.25 113779.19 4 0.00 111 200.99 0 1 
30319 51230 16 111.00 0.00 1 0.00 111 0.00 0 1 
10883 24077 16 71.50 34.25 4 0.00 73 0.06 0 1 
30319 46151 16 111.00 0.00 1 0.00 111 0.00 0 1 
30319 32220 16 107.00 8.00 3 0.00 111 125.78 0 1 
30319 36881 16 141.50 6526.25 6 0.00 111 66.38 0 1 
30319 6501 16 109.00 0.00 1 0.00 109 0.00 0 1 
30319 64683 16 109.00 0.00 1 0.00 109 0.00 0 1 
10883 64030 16 66.00 4.00 2 0.00 68 0.08 0 1 
1700 44851 15 821.98 502814.33 2404 0.02 66 0.43 2403 1 
1701 29146 15 68.80 46.96 5 0.00 66 0.76 2 1 
30319 49555 16 109.00 0.00 1 0.00 109 0.00 0 1 
30319 19537 16 109.00 0.00 1 0.00 109 0.00 0 1 
30319 34519 16 109.00 0.00 1 0.00 109 0.00 0 1 
30319 34224 16 109.00 0.00 1 0.00 109 0.00 0 1 
30319 54985 16 109.00 0.00 1 0.00 109 0.00 0 1 
30319 24747 16 107.00 4.00 2 0.00 109 110.66 0 1 
30319 28400 16 140.50 6716.58 6 0.00 109 4.30 0 1 
30319 25241 16 212.50 10712.25 2 0.00 109 0.10 0 1 
1704 36611 15 63.33 3.56 3 0.00 66 2.99 0 1 
10883 4672 11 74.00 36.00 2 0.00 68 0.14 0 1 
30319 39568 16 109.00 0.00 1 0.00 109 0.00 0 1 
30319 63643 16 109.00 0.00 1 0.00 109 0.00 0 1 
30319 55555 16 109.00 0.00 1 0.00 109 0.00 0 1 
1707 52166 15 63.33 3.56 3 0.00 66 3.00 0 1 
30319 54321 16 159.25 8839.69 4 0.00 109 39.17 0 1 
30319 6879 16 149.75 6132.19 4 0.00 109 7.04 0 1 
30319 51242 16 195.00 7396.00 2 0.00 109 0.09 0 1 
30319 65533 16 107.00 4.00 2 0.00 109 118.04 0 1 
30319 20248 16 212.50 10712.25 2 0.00 109 0.05 0 1 
1708 60105 15 195.85 74012.59 13 0.00 66 0.31 11 1 
30319 33935 16 109.00 0.00 1 0.00 109 0.00 0 1 
30319 48581 16 109.00 0.00 1 0.00 109 0.00 0 1 
30319 18796 16 212.50 10712.25 2 0.00 109 0.99 0 1 
30319 62016 16 109.00 0.00 1 0.00 109 0.00 0 1 
30319 64435 16 159.25 8839.69 4 0.00 109 14.49 0 1 
30319 50000 16 107.00 4.00 2 0.00 109 142.92 0 1 
1709 12937 15 163.86 48697.84 14 0.00 66 0.07 13 1 
10883 4663 16 68.00 0.00 1 0.00 68 0.00 0 1 
30319 18741 16 109.00 0.00 1 0.00 109 0.00 0 1 
30319 33562 16 109.00 0.00 1 0.00 109 0.00 0 1 
30319 63597 16 109.00 0.00 1 0.00 109 0.00 0 1 
30319 49359 16 109.00 0.00 1 0.00 109 0.00 0 1 
10883 36765 16 66.00 4.00 2 0.00 68 2.96 0 1 
30319 24556 16 111.00 0.00 1 0.00 111 0.00 0 1 
30319 53479 16 208.50 9506.25 2 0.00 111 0.08 0 1 
10883 15078 16 72.33 42.89 3 0.00 73 0.32 0 1 
10883 34264 16 67.50 14.25 4 0.00 73 0.04 0 1 
30319 44262 16 145.22 5846.17 9 0.00 111 61.87 0 1 
30319 6881 16 107.00 8.00 3 0.00 111 125.82 0 1 
30319 65090 16 109.00 0.00 1 0.00 109 0.00 0 1 
30319 52249 16 107.00 4.00 2 0.00 109 63.96 0 1 
30319 20535 16 109.00 0.00 1 0.00 109 0.00 0 1 
30319 44411 16 109.00 0.00 1 0.00 109 0.00 0 1 
30319 21201 16 148.40 7542.64 5 0.00 109 45.23 0 1 
30319 49677 16 109.00 0.00 1 0.00 109 0.00 0 1 
30319 59000 16 159.25 8839.69 4 0.00 109 0.83 0 1 
30319 40339 16 212.50 10712.25 2 0.00 109 0.13 0 1 
30319 49151 16 109.00 0.00 1 0.00 109 0.00 0 1 
30319 6881 16 109.00 0.00 1 0.00 109 0.00 0 1 
1716 40063 15 63.33 3.56 3 0.00 66 2.98 0 1 
30319 47343 16 150.50 6326.25 4 0.00 109 11.12 0 1 
30319 15549 16 109.00 0.00 1 0.00 109 0.00 0 1 
30319 50992 16 109.00 0.00 1 0.00 109 0.00 0 1 
30319 31762 16 158.75 8891.69 8 0.00 109 61.70 0 1 
30319 6882 16 107.00 4.00 2 0.00 109 157.52 0 1 
30319 44381 16 158.75 8891.69 8 0.00 109 37.24 0 1 
30319 6882 16 107.00 4.00 2 0.00 109 157.21 0 1 
10883 4672 11 72.33 42.89 3 0.00 73 0.28 0 1 
10883 60027 16 66.00 4.00 2 0.00 68 0.20 0 1 
30319 56024 16 109.00 0.00 1 0.00 109 0.00 0 1 
30319 46650 16 109.00 0.00 1 0.00 109 0.00 0 1 
30319 28087 16 109.00 0.00 1 0.00 109 0.00 0 1 
30319 55550 16 212.50 10712.25 2 0.00 109 0.07 0 1 
1719 37418 15 63.33 3.56 3 0.00 66 2.99 0 1 
10883 5625 16 68.00 0.00 1 0.00 68 0.00 0 1 
30319 6810 16 109.00 0.00 1 0.00 109 0.00 0 1 
30319 9885 16 159.25 8839.69 4 0.00 109 0.64 0 1 
30319 27322 16 212.50 10712.25 2 0.00 109 0.57 0 1 
30319 29037 16 109.00 0.00 1 0.00 109 0.00 0 1 
30319 49153 16 159.25 8839.69 4 0.00 109 0.59 0 1 
30319 40399 16 107.00 4.00 2 0.00 109 142.46 0 1 
10883 1076 16 68.00 0.00 1 0.00 68 0.00 0 1 
1722 61556 15 94.73 894.74 11 0.00 66 17.19 9 1 
30319 55555 16 208.50 9506.25 2 0.00 111 0.06 0 1 
30319 15854 16 111.00 0.00 1 0.00 111 0.00 0 1 
30319 55015 16 111.00 0.00 1 0.00 111 0.00 0 1 
30319 49846 16 159.25 8839.69 4 0.00 109 31.71 0 1 
30319 54571 16 109.00 0.00 1 0.00 109 0.00 0 1 
30319 43852 16 212.50 10712.25 2 0.00 109 0.62 0 1 
10883 4672 11 68.00 0.00 1 0.00 68 0.00 0 1 
10883 26866 16 68.00 0.00 1 0.00 68 0.00 0 1 
30319 14117 16 109.00 0.00 1 0.00 109 0.00 0 1 
30319 59407 16 148.40 7542.64 5 0.00 109 40.73 0 1 
30319 34062 16 107.00 4.00 2 0.00 109 88.68 0 1 
10883 4726 16 72.33 42.89 3 0.00 73 0.20 0 1 
1725 16671 15 62.33 3.22 6 0.00 66 14.02 3 1 
30319 23093 16 107.00 4.00 2 0.00 109 146.17 0 1 
30319 56377 16 107.00 4.00 2 0.00 109 158.58 0 1 
30319 56042 16 159.25 8839.69 4 0.00 109 13.67 0 1 
30319 6885 16 159.25 8839.69 4 0.00 109 24.77 0 1 
30319 25351 16 109.00 0.00 1 0.00 109 0.00 0 1 
10883 5159 16 162.33 15110.89 6 0.00 81 157.50 0 1 
10883 6269 16 68.00 0.00 1 0.00 68 0.00 0 1 
10883 4672 11 74.00 36.00 2 0.00 68 0.25 0 1 
10883 54977 16 67.50 14.25 4 0.00 73 0.05 0 1 
30319 5333 16 109.00 0.00 1 0.00 109 0.00 0 1 
30319 44170 16 159.25 8839.69 4 0.00 109 65.79 0 1 
30319 17960 16 159.25 8839.69 4 0.00 109 23.65 0 1 
10883 64793 16 68.00 0.00 1 0.00 68 0.00 0 1 
1729 41496 15 63.33 3.56 3 0.00 66 3.00 0 1 
30319 55321 16 131.57 5903.96 7 0.00 88 13.85 0 1 
30319 11758 16 92.33 82.89 3 0.00 88 30.43 0 1 
30319 64341 16 86.50 2.25 4 0.00 88 19.23 0 1 
30319 33978 16 139.50 6447.92 6 0.00 88 16.11 0 1 
30319 42054 16 131.57 5903.96 7 0.00 88 18.09 0 1 
30319 57868 16 92.33 82.89 3 0.00 88 19.83 0 1 
30319 6881 16 92.33 82.89 3 0.00 88 0.43 0 1 
30319 40457 16 131.57 5903.96 7 0.00 88 26.21 0 1 
30319 19151 16 96.50 72.25 2 0.00 88 4.39 0 1 
30319 38806 16 92.33 82.89 3 0.00 88 10.81 0 1 
30319 48048 16 92.33 82.89 3 0.00 88 10.78 0 1 
30319 39048 16 96.50 72.25 2 0.00 88 16.12 0 1 
1730 65291 15 63.33 3.56 3 0.00 66 3.01 0 1 
30319 56943 16 109.00 0.00 1 0.00 109 0.00 0 1 
30319 50000 16 143.00 7664.00 5 0.00 88 24.73 0 1 
30319 57160 16 138.17 5852.14 6 0.00 88 37.58 0 1 
30319 21662 16 98.00 290.67 3 0.00 88 2.55 0 1 
10883 10002 16 68.67 13.56 3 0.00 73 0.03 0 1 
30319 28432 16 105.00 289.00 2 0.00 88 0.09 0 1 
30319 6881 16 86.00 4.00 2 0.00 88 48.94 0 1 
30319 56893 16 141.40 6959.84 5 0.00 88 44.95 0 1 
30319 33898 16 109.00 0.00 1 0.00 109 0.00 0 1 
30319 6881 16 103.67 337.89 6 0.00 88 25.76 0 1 
30319 56060 16 86.00 4.00 2 0.00 88 2.32 0 1 
30319 35825 16 104.00 326.00 4 0.00 88 26.37 0 1 
30319 62524 16 104.00 326.00 4 0.00 88 26.69 0 1 
30319 6969 16 98.00 290.67 3 0.00 88 34.81 0 1 
30319 6881 16 98.00 290.67 3 0.00 88 35.03 0 1 
30319 57478 16 109.00 0.00 1 0.00 109 0.00 0 1 
30319 55000 16 212.50 10712.25 2 0.00 109 0.19 0 1 
30319 36347 16 212.50 10712.25 2 0.00 109 0.38 0 1 
30319 55648 16 109.00 0.00 1 0.00 109 0.00 0 1 
30319 6881 16 109.00 0.00 1 0.00 109 0.00 0 1 
30319 50105 16 109.00 0.00 1 0.00 109 0.00 0 1 
30319 23824 16 212.50 10712.25 2 0.00 109 0.11 0 1 
30319 19331 16 109.00 0.00 1 0.00 109 0.00 0 1 
30319 43289 16 107.00 4.00 2 0.00 109 92.64 0 1 
30319 6881 16 109.00 0.00 1 0.00 109 0.00 0 1 
30319 63623 16 109.00 0.00 1 0.00 109 0.00 0 1 
30319 59868 16 212.50 10712.25 2 0.00 109 0.12 0 1 
10883 39980 16 140.25 12818.19 4 0.00 81 46.59 0 1 
30319 6881 16 109.00 0.00 1 0.00 109 0.00 0 1 
30319 6879 16 109.00 0.00 1 0.00 109 0.00 0 1 
30319 24371 16 109.00 0.00 1 0.00 109 0.00 0 1 
30319 23890 16 209.07 10548.78 14 0.00 109 66.41 0 1 
30319 61807 16 109.00 0.00 1 0.00 109 0.00 0 1 
30319 10034 16 109.00 0.00 1 0.00 109 0.00 0 1 
30319 44111 16 148.40 7542.64 5 0.00 109 36.31 0 1 
30319 56789 16 212.50 10712.25 2 0.00 109 0.08 0 1 
30319 55222 16 107.00 4.00 2 0.00 109 148.28 0 1 
10883 7298 16 66.00 4.00 2 0.00 68 0.09 0 1 
10883 4672 11 66.00 4.00 2 0.00 68 0.03 0 1 
30319 50000 16 107.00 4.00 2 0.00 109 146.18 0 1 
30319 32332 16 109.00 0.00 1 0.00 109 0.00 0 1 
30319 10146 16 212.50 10712.25 2 0.00 109 0.21 0 1 
30319 37724 16 109.00 0.00 1 0.00 109 0.00 0 1 
30319 35320 16 158.75 8891.69 8 0.00 109 55.23 0 1 
30319 6999 16 158.75 8891.69 8 0.00 109 55.27 0 1 
30319 64363 16 107.00 4.00 2 0.00 109 158.09 0 1 
10883 8793 16 68.67 13.56 3 0.00 73 0.12 0 1 
1736 16348 15 63.33 3.56 3 0.00 66 2.97 0 1 
30319 80 QUIC 212.50 10712.25 2 0.00 109 0.22 0 1 
30319 6881 16 109.00 0.00 1 0.00 109 0.00 0 1 
30319 61046 16 109.00 0.00 1 0.00 109 0.00 0 1 
10883 4682 16 68.00 0.00 1 0.00 68 0.00 0 1 
30319 24032 16 92.33 82.89 3 0.00 88 26.91 0 1 
30319 6 16 109.00 0.00 1 0.00 109 0.00 0 1 
30319 16557 16 212.50 10712.25 2 0.00 109 0.07 0 1 
30319 39047 16 109.00 0.00 1 0.00 109 0.00 0 1 
1739 27033 15 63.33 3.56 3 0.00 66 3.01 0 1 
10883 52680 16 72.33 42.89 3 0.00 73 0.21 0 1 
30319 64301 16 157.75 8492.19 4 0.00 88 19.06 0 1 
30319 7 ECHO 148.25 9442.19 4 0.00 88 38.25 0 1 
30319 6881 16 212.50 10712.25 2 0.00 109 0.03 0 1 
30319 53846 16 109.00 0.00 1 0.00 109 0.00 0 1 
10883 42969 16 68.00 0.00 1 0.00 68 0.00 0 1 
30319 6881 16 212.50 10712.25 2 0.00 109 0.03 0 1 
30319 60967 16 109.00 0.00 1 0.00 109 0.00 0 1 
30319 62444 16 109.00 0.00 1 0.00 109 0.00 0 1 
30319 50617 16 109.00 0.00 1 0.00 109 0.00 0 1 
10883 4672 11 68.67 13.56 3 0.00 73 0.09 0 1 
30319 65534 16 109.00 0.00 1 0.00 109 0.00 0 1 
30319 33791 16 109.00 0.00 1 0.00 109 0.00 0 1 
30319 31801 16 212.50 10712.25 2 0.00 109 0.09 0 1 
30319 49383 16 109.00 0.00 1 0.00 109 0.00 0 1 
30319 6881 16 109.00 0.00 1 0.00 109 0.00 0 1 
30319 20982 16 109.00 0.00 1 0.00 109 0.00 0 1 
30319 28037 16 109.00 0.00 1 0.00 109 0.00 0 1 
30319 24221 16 109.00 0.00 1 0.00 109 0.00 0 1 
30319 20953 16 159.25 8839.69 4 0.00 109 18.70 0 1 
30319 46653 16 107.00 4.00 2 0.00 109 148.91 0 1 
30319 39993 16 107.00 4.00 2 0.00 109 148.93 0 1 
30319 23069 16 107.00 4.00 2 0.00 109 76.29 0 1 
30319 49533 16 109.00 0.00 1 0.00 109 0.00 0 1 
1744 14882 15 151.38 45722.23 16 0.00 66 0.40 14 1 
30319 65000 16 108.00 9.00 2 0.00 111 1.23 0 1 
10883 4672 11 74.00 36.00 2 0.00 68 0.15 0 1 
1747 11433 15 63.33 3.56 3 0.00 66 2.98 0 1 
30319 17957 16 212.50 10712.25 2 0.00 109 0.09 0 1 
30319 12011 16 109.00 0.00 1 0.00 109 0.00 0 1 
30319 48856 16 109.00 0.00 1 0.00 109 0.00 0 1 
30319 62534 16 109.00 0.00 1 0.00 109 0.00 0 1 
30319 12345 16 195.00 7396.00 2 0.00 109 0.33 0 1 
30319 4662 16 109.00 0.00 1 0.00 109 0.00 0 1 
10883 4779 16 72.33 42.89 3 0.00 73 0.32 0 1 
30319 25946 16 109.00 0.00 1 0.00 109 0.00 0 1 
1751 52525 15 63.33 3.56 3 0.00 66 2.97 0 1 
30319 27478 16 109.00 0.00 1 0.00 109 0.00 0 1 
10883 10014 16 81.00 0.00 1 0.00 81 0.00 0 1 
1755 57612 15 63.33 3.56 3 0.00 66 2.97 0 1 
30319 65534 16 109.00 0.00 1 0.00 109 0.00 0 1 
30319 28941 16 109.00 0.00 1 0.00 109 0.00 0 1 
10883 16080 16 72.50 72.25 2 0.00 81 90.41 0 1 
10883 1029 16 68.00 0.00 1 0.00 68 0.00 0 1 
10883 5622 16 68.00 0.00 1 0.00 68 0.00 0 1 
10883 25944 16 67.50 14.25 4 0.00 73 0.03 0 1 
10883 4672 11 66.00 4.00 2 0.00 68 0.05 0 1 
30319 52641 16 92.33 82.89 3 0.00 88 16.82 0 1 
30319 61269 16 212.50 10712.25 2 0.00 109 0.04 0 1 
30319 20000 16 109.00 0.00 1 0.00 109 0.00 0 1 
30319 49555 16 109.00 0.00 1 0.00 109 0.00 0 1 
30319 63100 16 109.00 0.00 1 0.00 109 0.00 0 1 
30319 16729 16 109.00 0.00 1 0.00 109 0.00 0 1 
30319 33666 16 109.00 0.00 1 0.00 109 0.00 0 1 
30319 47815 16 109.00 0.00 1 0.00 109 0.00 0 1 
30319 49125 16 109.00 0.00 1 0.00 109 0.00 0 1 
30319 52112 16 109.00 0.00 1 0.00 109 0.00 0 1 
30319 49525 16 109.00 0.00 1 0.00 109 0.00 0 1 
10883 4672 11 68.50 20.25 2 0.00 73 0.00 0 1 
30319 1863 16 111.00 0.00 1 0.00 111 0.00 0 1 
30319 55556 16 208.50 9506.25 2 0.00 111 0.48 0 1 
30319 14711 16 109.00 4.00 2 0.00 111 0.05 0 1 
30319 16924 16 109.00 0.00 1 0.00 109 0.00 0 1 
30319 54079 16 109.00 4.00 2 0.00 111 0.11 0 1 
30319 32459 16 212.50 10712.25 2 0.00 109 0.20 0 1 
30319 53469 16 111.00 0.00 1 0.00 111 0.00 0 1 
30319 29650 16 111.00 0.00 1 0.00 111 0.00 0 1 
30319 55555 16 111.00 0.00 1 0.00 111 0.00 0 1 
30319 32929 16 212.50 10712.25 2 0.00 109 0.29 0 1 
30319 44707 16 109.00 0.00 1 0.00 109 0.00 0 1 
30319 48005 16 109.00 0.00 1 0.00 109 0.00 0 1 
30319 40551 16 212.50 10712.25 2 0.00 109 0.16 0 1 
30319 48660 16 159.25 8839.69 4 0.00 109 32.48 0 1 
1761 80 15 61.67 4.56 6 0.00 66 0.25 3 1 
30319 43069 16 109.00 0.00 1 0.00 109 0.00 0 1 
10883 3371 16 72.50 72.25 2 0.00 81 372.60 0 1 
30319 6881 16 109.00 0.00 1 0.00 109 0.00 0 1 
30319 52668 16 109.00 0.00 1 0.00 109 0.00 0 1 
10883 10110 16 68.00 0.00 1 0.00 68 0.00 0 1 
30319 56511 16 159.25 8839.69 4 0.00 109 11.86 0 1 
30319 35718 16 148.40 7542.64 5 0.00 109 78.69 0 1 
30319 51368 16 109.00 0.00 1 0.00 109 0.00 0 1 
30319 46859 16 109.00 0.00 1 0.00 109 0.00 0 1 
30319 6881 16 159.25 8839.69 4 0.00 109 5.78 0 1 
1764 64724 15 63.33 3.56 3 0.00 66 2.98 0 1 
1765 47194 15 63.33 3.56 3 0.00 66 2.98 0 1 
30319 26722 16 159.25 8839.69 4 0.00 109 49.51 0 1 
1766 63841 15 63.33 3.56 3 0.00 66 3.00 0 1 
10883 4729 16 68.00 0.00 1 0.00 68 0.00 0 1 
30319 60255 16 157.75 8492.19 4 0.00 88 6.52 0 1 
30319 44617 16 212.50 10712.25 2 0.00 109 0.03 0 1 
30319 13770 16 96.50 156.25 2 0.00 109 15.02 0 1 
1767 13177 15 63.33 3.56 3 0.00 66 2.95 0 1 
10883 26673 16 67.00 18.00 3 0.00 73 0.57 0 1 
30319 50419 16 111.00 0.00 1 0.00 111 0.00 0 1 
30319 29948 16 96.50 72.25 2 0.00 88 0.37 0 1 
30319 18395 16 111.00 0.00 1 0.00 111 0.00 0 1 
30319 31316 16 111.00 0.00 1 0.00 111 0.00 0 1 
30319 32543 16 109.00 0.00 1 0.00 109 0.00 0 1 
30319 12835 16 109.00 0.00 1 0.00 109 0.00 0 1 
30319 49153 16 109.00 0.00 1 0.00 109 0.00 0 1 
30319 6881 16 189.00 8246.00 3 0.00 109 8.47 0 1 
30319 12701 16 109.00 0.00 1 0.00 109 0.00 0 1 
30319 6881 16 107.00 4.00 2 0.00 109 162.47 0 1 
30319 65178 16 109.00 0.00 1 0.00 109 0.00 0 1 
30319 55000 16 212.50 10712.25 2 0.00 109 0.24 0 1 
30319 18054 16 212.50 10712.25 2 0.00 109 0.06 0 1 
30319 23468 16 158.75 8891.69 8 0.00 109 54.16 0 1 
30319 56341 16 181.50 4970.25 2 0.00 111 0.04 0 1 
30319 47170 16 111.00 0.00 1 0.00 111 0.00 0 1 
30319 10476 16 208.50 9506.25 2 0.00 111 0.08 0 1 
30319 28959 16 208.50 9506.25 2 0.00 111 0.10 0 1 
30319 6881 16 208.50 9506.25 2 0.00 111 1.57 0 1 
30319 29123 16 109.00 0.00 1 0.00 109 0.00 0 1 
30319 16881 16 111.00 0.00 1 0.00 111 0.00 0 1 
30319 15590 16 527.00 173056.00 2 0.00 111 1.06 0 1 
30319 34038 16 526.50 172640.25 2 0.00 111 0.09 0 1 
30319 1500 16 111.00 0.00 1 0.00 111 0.00 0 1 
30319 17715 16 111.00 0.00 1 0.00 111 0.00 0 1 
30319 30862 16 164.50 2862.25 2 0.00 111 0.04 0 1 
30319 42604 16 279.25 90584.69 4 0.00 111 188.70 0 1 
10883 4672 11 66.00 4.00 2 0.00 68 0.03 0 1 
30319 46528 16 109.00 0.00 1 0.00 109 0.00 0 1 
30319 6881 16 85.33 3.56 3 0.00 88 8.15 0 1 
30319 55505 16 185.50 10220.14 18 0.00 88 43.50 0 1 
30319 18074 16 130.38 5175.98 8 0.00 88 98.06 0 1 
30319 15413 16 104.00 326.00 4 0.00 88 28.95 0 1 
30319 42567 16 86.00 4.00 2 0.00 88 23.39 0 1 
30319 54282 16 157.75 8492.19 4 0.00 88 25.87 0 1 
30319 52300 16 109.00 0.00 1 0.00 109 0.00 0 1 
30319 34846 16 107.00 4.00 2 0.00 109 150.22 0 1 
30319 40037 16 111.00 0.00 1 0.00 111 0.00 0 1 
30319 46544 16 109.00 0.00 1 0.00 109 0.00 0 1 
30319 26866 16 159.25 8839.69 4 0.00 109 4.84 0 1 
30319 41289 16 159.25 8839.69 4 0.00 109 25.22 0 1 
30319 453 16 109.00 0.00 1 0.00 109 0.00 0 1 
30319 46729 16 109.00 0.00 1 0.00 109 0.00 0 1 
30319 57394 16 107.00 4.00 2 0.00 109 134.19 0 1 
30319 34508 16 109.00 0.00 1 0.00 109 0.00 0 1 
30319 52384 16 159.25 8839.69 4 0.00 109 4.75 0 1 
30319 49653 16 109.00 0.00 1 0.00 109 0.00 0 1 
30319 53214 16 109.00 0.00 1 0.00 109 0.00 0 1 
30319 58069 16 212.50 10712.25 2 0.00 109 0.10 0 1 
30319 49555 16 159.25 8839.69 4 0.00 109 4.64 0 1 
30319 10982 16 109.00 0.00 1 0.00 109 0.00 0 1 
30319 49535 16 109.00 0.00 1 0.00 109 0.00 0 1 
30319 57600 16 109.00 0.00 1 0.00 109 0.00 0 1 
1773 16157 15 768.81 491649.97 2862 0.03 66 0.32 2861 1 
30319 49871 16 212.50 10712.25 2 0.00 109 0.16 0 1 
30319 11757 16 109.00 0.00 1 0.00 109 0.00 0 1 
10883 4672 11 68.00 0.00 1 0.00 68 0.00 0 1 
30319 25401 16 193.43 55849.19 8422 0.08 136 0.03 0 1 
1776 23611 15 63.33 3.56 3 0.00 66 2.98 0 1 
30319 6881 16 212.50 10712.25 2 0.00 109 1.45 0 1 
30319 22624 16 109.00 0.00 1 0.00 109 0.00 0 1 
30319 55990 16 109.00 0.00 1 0.00 109 0.00 0 1 
1777 44345 15 68.67 416.89 9 0.00 66 1.29 8 1 
30319 54100 16 212.50 10712.25 2 0.00 109 2.67 0 1 
10883 48914 16 68.00 0.00 1 0.00 68 0.00 0 1 
30319 6881 16 527.00 173056.00 2 0.00 111 0.05 0 1 
30319 6881 16 111.00 0.00 1 0.00 111 0.00 0 1 
30319 45752 16 111.00 0.00 1 0.00 111 0.00 0 1 
10883 12132 16 68.00 0.00 1 0.00 68 0.00 0 1 
30319 30019 16 109.00 0.00 1 0.00 109 0.00 0 1 
30319 46808 16 212.50 10712.25 2 0.00 109 0.10 0 1 
30319 6881 16 159.25 8839.69 4 0.00 109 32.18 0 1 
30319 37586 16 109.00 0.00 1 0.00 109 0.00 0 1 
30319 5730 16 109.00 0.00 1 0.00 109 0.00 0 1 
30319 6881 16 109.00 0.00 1 0.00 109 0.00 0 1 
30319 6881 16 109.00 0.00 1 0.00 109 0.00 0 1 
30319 57492 16 109.00 0.00 1 0.00 109 0.00 0 1 
30319 49152 16 109.00 0.00 1 0.00 109 0.00 0 1 
30319 65440 16 158.75 8891.69 8 0.00 109 51.19 0 1 
30319 55556 16 109.00 0.00 1 0.00 109 0.00 0 1 
30319 45480 16 109.00 0.00 1 0.00 109 0.00 0 1 
30319 44607 16 109.00 0.00 1 0.00 109 0.00 0 1 
30319 7000 16 212.50 10712.25 2 0.00 109 0.03 0 1 
30319 6881 16 109.00 0.00 1 0.00 109 0.00 0 1 
30319 15579 16 212.50 10712.25 2 0.00 109 0.04 0 1 
30319 60640 16 109.00 0.00 1 0.00 109 0.00 0 1 
30319 53589 16 109.00 0.00 1 0.00 109 0.00 0 1 
30319 50636 16 109.00 0.00 1 0.00 109 0.00 0 1 
30319 31318 16 109.00 0.00 1 0.00 109 0.00 0 1 
30319 56231 16 212.50 10712.25 2 0.00 109 0.03 0 1 
30319 37322 16 107.00 4.00 2 0.00 109 150.75 0 1 
30319 48735 16 109.00 0.00 1 0.00 109 0.00 0 1 
30319 62560 16 159.25 8839.69 4 0.00 109 19.52 0 1 
1782 40538 15 63.33 3.56 3 0.00 66 2.97 0 1 
30319 46868 16 109.00 0.00 1 0.00 109 0.00 0 1 
10883 26459 16 66.00 4.00 2 0.00 68 0.05 0 1 
10883 4672 11 72.33 42.89 3 0.00 73 0.05 0 1 
10883 6265 16 68.00 0.00 1 0.00 68 0.00 0 1 
30319 46559 16 109.00 0.00 1 0.00 109 0.00 0 1 
30319 58341 16 109.00 0.00 1 0.00 109 0.00 0 1 
15610 22889 16 79.00 0.00 1 0.00 79 0.00 0 1 
30319 49773 16 212.50 10712.25 2 0.00 109 0.12 0 1 
30319 13787 16 212.50 10712.25 2 0.00 109 0.32 0 1 
1784 57496 15 63.33 3.56 3 0.00 66 2.99 0 1 
30319 49153 16 111.00 0.00 1 0.00 111 0.00 0 1 
30319 11207 16 111.00 0.00 1 0.00 111 0.00 0 1 
30319 27604 16 109.00 0.00 1 0.00 109 0.00 0 1 
10883 7891 16 67.00 18.00 3 0.00 73 0.03 0 1 
30319 61881 16 212.50 10712.25 2 0.00 109 0.09 0 1 
30319 6881 16 109.00 0.00 1 0.00 109 0.00 0 1 
30319 56766 16 109.00 0.00 1 0.00 109 0.00 0 1 
30319 49152 16 212.50 10712.25 2 0.00 109 0.05 0 1 
1788 63487 15 220.17 60629.69 18 0.00 66 0.12 17 1 
1789 24461 15 63.33 3.56 3 0.00 66 3.00 0 1 
30319 53987 16 209.50 10319.25 4 0.00 111 26.54 0 1 
30319 55329 16 208.50 9506.25 2 0.00 111 0.12 0 1 
30319 49153 16 111.00 0.00 1 0.00 111 0.00 0 1 
30319 33334 16 111.00 0.00 1 0.00 111 0.00 0 1 
30319 49887 16 281.50 94306.25 6 0.00 111 49.85 0 1 
1791 25808 15 63.33 3.56 3 0.00 66 3.00 0 1 
30319 54549 16 526.50 172640.25 2 0.00 111 0.17 0 1 
30319 6888 16 111.00 0.00 1 0.00 111 0.00 0 1 
30319 60382 16 109.00 0.00 1 0.00 109 0.00 0 1 
30319 17039 16 109.00 0.00 1 0.00 109 0.00 0 1 
30319 25684 16 109.00 0.00 1 0.00 109 0.00 0 1 
30319 58775 16 107.00 4.00 2 0.00 109 140.69 0 1 
30319 50477 16 212.50 10712.25 2 0.00 109 0.07 0 1 
30319 52325 16 159.25 8839.69 4 0.00 109 82.38 0 1 
30319 48104 16 109.00 0.00 1 0.00 109 0.00 0 1 
30319 50493 16 109.00 0.00 1 0.00 109 0.00 0 1 
10883 49776 16 74.00 36.00 2 0.00 68 0.62 0 1 
30319 15500 16 109.00 0.00 1 0.00 109 0.00 0 1 
30319 12827 16 109.00 0.00 1 0.00 109 0.00 0 1 
30319 52690 16 109.00 0.00 1 0.00 109 0.00 0 1 
30319 29725 16 109.00 0.00 1 0.00 109 0.00 0 1 
30319 6881 16 109.00 0.00 1 0.00 109 0.00 0 1 
30319 19051 16 109.00 0.00 1 0.00 109 0.00 0 1 
10883 55180 16 68.50 20.25 2 0.00 73 0.00 0 1 
30319 6881 16 109.00 0.00 1 0.00 109 0.00 0 1 
30319 28802 16 109.00 0.00 1 0.00 109 0.00 0 1 
30319 27159 16 109.00 0.00 1 0.00 109 0.00 0 1 
30319 50500 16 109.00 0.00 1 0.00 109 0.00 0 1 
30319 55566 16 109.00 0.00 1 0.00 109 0.00 0 1 
