1236 80 15 111.22 9163.95 9 0.00 66 1.08 7 1 
1235 80 3 131.00 0.00 1 0.00 131 0.00 1 1 
1946 80 15 358.81 222308.59 32 0.00 66 4.35 31 1 
1734 80 15 580.35 475789.76 17 0.00 66 0.08 16 1 
1735 80 15 70.50 543.75 8 0.00 66 1.13 7 1 
1953 80 15 97.67 6653.89 6 0.00 66 0.12 5 1 
1955 80 15 766.40 483865.44 100 0.00 66 0.02 99 1 
1958 80 15 780.67 464380.83 111 0.00 66 0.12 110 1 
1961 80 15 148.55 41532.43 11 0.00 66 3.11 9 1 
1964 80 15 389.00 329838.27 15 0.00 66 0.20 13 1 
1967 80 15 120.91 16146.63 11 0.00 66 0.27 9 1 
1970 80 15 770.80 436480.59 51 0.00 66 0.01 50 1 
1973 80 15 775.52 410358.37 203 0.00 66 0.05 202 1 
1976 80 15 636.51 402585.43 71 0.00 66 3.84 70 1 
1236 80 15 70.50 543.75 8 0.00 66 1.13 7 1 
1978 80 15 833.72 494254.03 192 0.00 66 0.47 191 1 
1981 80 15 628.87 439068.82 31 0.00 66 2.03 30 1 
1237 80 15 756.57 521787.48 21 0.00 66 0.49 18 1 
1985 80 15 903.74 493891.05 386 0.00 66 0.12 385 1 
1239 80 15 94.90 6462.49 10 0.00 66 0.39 8 1 
1743 80 15 382.00 293154.36 11 0.00 66 0.01 10 1 
1988 80 15 808.16 481958.05 98 0.00 66 0.27 97 1 
1990 80 15 749.07 394421.05 119 0.00 66 0.37 118 1 
1993 80 15 63.00 3.00 4 0.00 66 2.36 3 1 
1996 80 15 63.00 3.00 4 0.00 66 2.59 3 1 
1999 80 15 63.00 3.00 4 0.00 66 2.40 3 1 
2002 80 15 63.00 3.00 4 0.00 66 2.54 3 1 
2005 80 15 63.00 3.00 4 0.00 66 2.29 3 1 
2008 80 15 63.00 3.00 4 0.00 66 2.51 3 1 
2011 80 15 63.00 3.00 4 0.00 66 2.43 3 1 
2013 80 15 62.00 6.00 4 0.00 66 0.12 3 1 
2016 80 15 62.00 6.00 4 0.00 66 0.11 3 1 
2019 80 15 302.17 213218.31 12 0.00 66 0.01 11 1 
1747 80 15 88.80 1189.36 15 0.00 66 6.23 14 1 
2022 80 15 142.59 24743.77 17 0.00 66 14.06 16 1 
2026 80 15 161.12 38867.86 8 0.00 66 8.21 7 1 
2029 80 15 136.00 30280.73 11 0.00 66 1.95 9 1 
2032 80 15 127.62 26822.70 13 0.00 66 0.23 11 1 
2035 80 15 136.09 25571.36 11 0.00 66 0.27 9 1 
1243 80 15 164.22 40706.17 9 0.00 66 0.90 8 1 
2038 80 15 420.33 330861.29 15 0.00 66 0.20 13 1 
2041 80 15 712.05 494752.52 38 0.00 66 0.08 36 1 
1246 80 15 629.93 375990.93 30 0.00 66 2.94 29 1 
2045 80 15 144.09 31610.63 11 0.00 66 0.27 9 1 
1248 80 15 303.25 167295.31 16 0.00 66 7.01 15 1 
2049 80 15 609.78 456075.65 23 0.00 66 0.13 21 1 
2052 80 15 536.79 366406.06 39 0.00 66 0.54 37 1 
2055 80 15 66.00 0.00 1 0.00 66 0.00 0 1 
2061 80 15 116.18 18326.38 17 0.00 66 0.93 15 1 
2062 80 15 66.00 0.00 1 0.00 66 0.00 0 1 
2065 80 15 153.09 43148.63 11 0.00 66 2.08 9 1 
1253 80 15 111.09 15172.81 11 0.00 66 0.65 9 1 
1256 80 15 112.18 11744.51 11 0.00 66 0.29 9 1 
1259 80 15 70.50 543.75 8 0.00 66 1.14 7 1 
1262 80 15 178.09 83537.90 11 0.00 66 0.27 9 1 
1265 80 15 140.55 32115.16 11 0.00 66 0.28 9 1 
1269 80 15 66.00 0.00 1 0.00 66 0.00 0 1 
1272 80 15 202.55 134210.25 11 0.00 66 0.26 9 1 
1275 80 15 217.45 169485.70 11 0.00 66 0.28 9 1 
1278 80 15 212.18 156708.15 11 0.00 66 0.28 9 1 
1281 80 15 124.00 17486.00 9 0.00 66 0.03 8 1 
1284 80 15 130.00 23069.27 11 0.00 66 0.29 9 1 
1287 80 15 135.36 27722.96 11 0.00 66 0.27 9 1 
1290 80 15 140.91 30512.45 11 0.00 66 0.28 9 1 
1293 80 15 135.82 25486.33 11 0.00 66 0.27 9 1 
1296 80 15 204.15 152603.36 13 0.00 66 0.22 11 1 
1299 80 15 218.91 156964.63 11 0.00 66 0.27 9 1 
2066 80 15 605.60 455602.64 20 0.00 66 0.03 19 1 
2069 80 15 157.63 29599.81 19 0.00 66 17.78 18 1 
1303 80 15 177.64 75769.32 11 0.00 66 0.28 9 1 
2071 80 15 130.62 22222.86 16 0.00 66 1.45 14 1 
1308 80 15 115.36 18533.50 11 0.00 66 0.28 9 1 
1311 80 15 111.55 11449.70 11 0.00 66 0.27 9 1 
1749 80 15 332.46 261551.02 13 0.00 66 0.03 12 1 
1315 80 15 141.45 30623.34 11 0.00 66 0.28 9 1 
1318 80 15 151.82 41173.60 11 0.00 66 0.29 9 1 
1321 80 15 191.09 98557.36 11 0.00 66 0.27 9 1 
1324 80 15 66.00 0.00 1 0.00 66 0.00 0 1 
2073 80 15 230.47 78398.48 17 0.00 66 1.06 15 1 
1327 80 15 141.50 28925.45 10 0.00 66 0.08 9 1 
1330 80 15 209.55 117469.70 11 0.00 66 0.11 10 1 
1333 80 15 623.64 465158.41 22 0.00 66 0.05 21 1 
1335 80 15 605.90 447167.90 21 0.00 66 0.04 20 1 
1337 80 15 231.45 164463.34 11 0.00 66 0.07 10 1 
1340 80 15 234.08 157765.92 13 0.00 66 0.10 12 1 
1342 80 15 123.60 15183.04 5 0.00 66 0.47 4 1 
1344 80 15 239.10 181901.69 10 0.00 66 0.02 9 1 
1347 80 15 128.50 18304.25 10 0.00 66 0.01 9 1 
1350 80 15 128.10 18074.09 10 0.00 66 0.01 9 1 
2078 80 15 558.93 442186.60 15 0.00 66 0.00 14 1 
2081 80 15 241.83 165116.47 12 0.00 66 0.00 11 1 
1353 80 15 142.55 29958.61 11 0.00 66 0.06 10 1 
2084 80 15 324.77 271741.25 13 0.00 66 0.23 11 1 
2085 80 15 174.73 36929.26 15 0.00 66 1.59 13 1 
2088 80 15 259.92 173720.08 12 0.00 66 0.01 11 1 
1359 80 15 62.57 1.96 7 0.00 66 13.79 6 1 
2089 80 15 456.75 379588.44 16 0.00 66 0.49 14 1 
2092 80 15 322.75 256179.19 12 0.00 66 1.24 10 1 
1362 80 15 204.10 109963.69 10 0.00 66 0.55 9 1 
2094 80 15 179.78 50984.17 9 0.00 66 0.00 8 1 
1367 80 15 144.80 28137.96 10 0.00 66 0.48 9 1 
1370 80 15 445.17 346750.97 12 0.00 66 0.01 11 1 
1373 80 15 658.33 409285.93 49 0.00 66 2.10 48 1 
1376 80 15 216.50 150078.65 10 0.00 66 0.50 9 1 
1379 80 15 871.51 517762.05 178 0.00 66 0.11 177 1 
2096 80 15 770.86 456251.76 407 0.00 66 0.06 405 1 
2098 80 15 545.85 279955.31 39 0.00 66 0.60 37 1 
2100 80 15 447.67 342157.02 15 0.00 66 0.20 13 1 
2103 80 15 253.45 182631.16 11 0.00 66 0.27 9 1 
2106 80 15 142.82 30825.24 11 0.00 66 0.27 9 1 
2108 80 15 406.40 339810.24 15 0.00 66 0.20 13 1 
2111 80 15 305.15 267486.13 13 0.00 66 0.23 11 1 
2114 80 15 119.40 19669.44 10 0.00 66 0.00 9 1 
2116 80 15 175.20 52087.36 10 0.00 66 2.88 8 1 
1385 80 15 195.33 37974.22 9 0.00 66 0.10 8 1 
2117 80 15 579.62 447407.47 21 0.00 66 0.02 20 1 
2120 80 15 165.15 29187.43 20 0.00 66 11.49 19 1 
1390 80 15 332.00 261311.23 13 0.00 66 0.01 12 1 
2123 80 15 63.00 3.00 4 0.00 66 2.61 3 1 
2126 80 15 63.00 3.00 4 0.00 66 2.45 3 1 
2129 80 15 129.75 17527.19 8 0.00 66 0.16 7 1 
2132 80 15 129.75 17527.19 8 0.00 66 0.15 7 1 
1392 80 15 124.00 17486.00 9 0.00 66 0.01 8 1 
2134 80 15 628.27 409268.20 26 0.00 66 3.26 25 1 
1395 80 15 70.50 543.75 8 0.00 66 1.13 7 1 
1396 80 15 94.90 6462.49 10 0.00 66 0.39 8 1 
1757 80 15 382.00 293154.36 11 0.00 66 0.01 10 1 
2140 80 15 137.56 23415.25 18 0.00 66 13.59 17 1 
1398 80 15 199.30 108271.21 10 0.00 66 0.56 9 1 
1401 80 15 152.83 20560.81 12 0.00 66 0.45 11 1 
1404 80 15 625.78 404880.49 50 0.00 66 0.03 49 1 
1407 80 15 230.33 31526.72 24 0.00 66 0.19 23 1 
1410 80 15 116.20 13286.56 10 0.00 66 0.40 9 1 
1413 80 15 690.32 503542.13 44 0.00 66 0.01 43 1 
1416 80 15 749.91 490937.56 53 0.00 66 1.31 52 1 
1417 80 15 940.59 503786.07 7053 0.07 66 0.01 7052 1 
1760 80 15 85.79 1138.03 14 0.00 66 6.66 13 1 
2146 80 15 780.24 485892.71 186 0.00 66 0.97 185 1 
2149 80 15 259.82 74399.24 11 0.00 66 5.94 10 1 
2152 80 15 831.20 467256.06 227 0.00 66 0.19 226 1 
2155 80 15 170.58 29993.09 19 0.00 66 12.10 18 1 
2164 80 15 869.76 519695.44 383 0.00 66 0.22 382 1 
1427 80 15 124.00 17486.00 9 0.00 66 0.02 8 1 
1429 80 15 360.00 333470.40 10 0.00 66 0.12 9 1 
1430 80 15 124.00 17486.00 9 0.00 66 0.02 8 1 
1432 80 15 461.16 396780.34 19 0.00 66 1.20 18 1 
2238 80 15 221.54 35734.63 26 0.00 66 8.06 25 1 
2241 80 15 107.13 15759.58 15 0.00 66 16.96 14 1 
2376 80 15 744.12 476292.47 100 0.00 66 0.77 99 1 
2379 80 15 294.45 81240.52 22 0.00 66 3.04 21 1 
2388 80 15 351.06 20191.50 64 0.00 66 0.65 63 1 
1766 80 15 89.33 1159.42 15 0.00 66 6.21 14 1 
2435 80 15 329.85 266473.51 13 0.00 66 0.27 11 1 
2443 80 15 106.47 15271.58 15 0.00 66 17.10 14 1 
2449 80 15 535.10 423371.49 20 0.00 66 0.19 18 1 
2461 80 15 608.06 355956.41 34 0.00 66 2.75 33 1 
2466 80 15 207.00 130580.18 11 0.00 66 0.32 9 1 
2471 80 15 654.89 485152.10 28 0.00 66 0.15 26 1 
2480 80 15 777.98 509095.94 50 0.00 66 0.10 48 1 
2486 80 15 62.00 4.80 5 0.00 66 0.61 3 1 
1445 80 15 124.00 17486.00 9 0.00 66 0.03 8 1 
2497 80 15 205.44 96718.47 9 0.00 66 7.53 7 1 
2506 80 15 290.38 200363.01 13 0.00 66 0.27 11 1 
2514 80 15 613.25 468835.27 24 0.00 66 0.16 22 1 
2522 80 15 394.08 306503.15 13 0.00 66 0.27 11 1 
2528 80 15 522.84 414540.66 19 0.00 66 0.19 17 1 
2539 80 15 537.20 423079.66 20 0.00 66 0.34 18 1 
2554 80 15 461.67 381214.62 15 0.00 66 0.24 13 1 
2563 80 15 211.85 151435.82 13 0.00 66 0.27 11 1 
2568 80 15 130.18 21567.60 11 0.00 66 0.32 9 1 
2581 80 15 188.42 106486.91 12 0.00 66 0.29 10 1 
1450 80 15 701.50 513767.25 16 0.00 66 0.27 14 1 
2608 80 15 207.23 151797.87 13 0.00 66 0.27 11 1 
2620 80 15 255.31 172651.60 13 0.00 66 0.27 11 1 
2632 80 15 255.00 172984.62 13 0.00 66 0.27 11 1 
2635 80 15 772.34 512330.14 50 0.00 66 0.11 48 1 
2673 80 15 161.91 45808.08 11 0.00 66 0.31 9 1 
1767 80 15 73.67 732.56 6 0.00 66 0.54 4 1 
2694 80 15 605.60 434102.24 20 0.00 66 0.04 19 1 
2700 80 15 159.86 28075.46 21 0.00 66 10.89 20 1 
2703 80 15 107.13 15759.58 15 0.00 66 16.98 14 1 
2708 80 15 144.36 32506.05 11 0.00 66 0.32 9 1 
1768 80 15 124.00 17486.00 9 0.00 66 0.02 8 1 
2738 80 15 243.43 181023.67 14 0.00 66 0.25 12 1 
2741 80 15 301.00 219964.62 13 0.00 66 0.27 11 1 
2748 80 15 62.00 4.80 5 0.00 66 0.61 3 1 
2750 80 15 215.09 116652.63 11 0.00 66 0.32 9 1 
2769 80 15 281.27 227574.74 11 0.00 66 0.32 9 1 
2780 80 15 267.73 192289.47 11 0.00 66 0.30 9 1 
1771 80 15 94.90 6462.49 10 0.00 66 0.38 8 1 
2805 80 15 897.75 514968.91 153216 1.53 66 0.02 153214 1 
2811 80 15 279.69 216156.37 13 0.00 66 0.27 11 1 
2822 80 15 180.00 71381.82 11 0.00 66 0.31 9 1 
2832 80 15 230.42 169233.24 12 0.00 66 0.30 10 1 
2841 80 15 692.84 460831.76 38 0.00 66 1.62 37 1 
2855 80 15 62.00 4.80 5 0.00 66 0.62 3 1 
2882 80 15 133.64 36829.14 11 0.00 66 0.31 9 1 
2922 80 15 760.53 439518.71 1036 0.01 66 0.20 1034 1 
2937 80 15 605.60 455602.64 20 0.00 66 0.03 19 1 
1456 80 15 381.45 292924.98 11 0.00 66 0.03 10 1 
2941 80 15 107.07 15733.80 15 0.00 66 16.97 14 1 
2960 80 15 227.20 53411.89 15 0.00 66 4.70 14 1 
2969 80 15 66.00 0.00 1 0.00 66 0.00 0 1 
2997 443 15 372.44 202295.58 18 0.00 66 5.06 16 1 
3003 443 15 878.56 452836.69 180 0.00 66 0.47 178 1 
3030 80 15 440.79 288517.74 14 0.00 66 8.48 12 1 
3048 80 15 360.83 207381.64 12 0.00 66 5.16 11 1 
1462 80 15 381.45 292924.98 11 0.00 66 0.01 10 1 
3062 80 15 804.57 518059.64 79 0.00 66 0.79 78 1 
3070 28900 15 255.50 167466.65 10 0.00 66 0.34 8 1 
1463 80 15 792.10 521416.19 20 0.00 66 0.52 19 1 
1464 80 15 94.90 6462.49 10 0.00 66 0.39 8 1 
1776 80 15 382.00 293154.36 11 0.00 66 0.01 10 1 
3002 46615 15 62.00 0.00 2 0.00 62 3.01 0 1 
3152 80 15 556.00 410358.55 22 0.00 66 0.03 21 1 
3155 80 15 107.00 15678.80 15 0.00 66 17.70 14 1 
3196 80 15 482.83 321152.64 12 0.00 66 6.23 10 1 
3209 80 15 167.88 34552.11 8 0.00 66 8.22 6 1 
3215 80 15 236.33 122344.39 12 0.00 66 0.32 10 1 
3237 80 15 182.71 49220.20 7 0.00 66 9.97 6 1 
3245 80 15 144.80 42076.76 10 0.00 66 0.36 8 1 
3248 80 15 145.20 42011.96 10 0.00 66 0.03 9 1 
3253 80 15 814.92 510673.51 60 0.00 66 1.12 59 1 
3275 80 15 104.33 6796.89 9 0.00 66 0.03 8 1 
1466 80 15 73.67 732.56 6 0.00 66 0.55 4 1 
3382 80 15 106.47 15271.58 15 0.00 66 17.10 14 1 
3383 80 15 107.00 15678.80 15 0.00 66 16.97 14 1 
3404 80 15 100.50 6249.45 10 0.00 66 0.02 9 1 
1557 80 15 135.11 20551.21 9 0.00 66 7.37 8 1 
3429 80 15 161.12 38867.86 8 0.00 66 8.77 7 1 
3436 80 15 105.62 14032.98 8 0.00 66 1.14 7 1 
3451 80 15 704.17 392009.66 88 0.00 66 0.33 86 1 
3472 80 15 104.33 6796.89 9 0.00 66 0.02 8 1 
1472 80 15 94.90 6462.49 10 0.00 66 0.39 8 1 
1561 80 15 559.49 233981.69 85 0.00 66 0.22 84 1 
1564 80 15 166.90 55396.49 10 0.00 66 0.61 9 1 
1565 80 15 168.10 55875.29 10 0.00 66 0.61 9 1 
1568 80 15 695.24 488275.24 34 0.00 66 0.22 33 1 
1571 80 15 366.82 194599.97 11 0.00 66 0.06 10 1 
1574 80 15 696.59 429187.79 22 0.00 66 0.05 21 1 
1577 80 15 160.10 46774.89 10 0.00 66 0.65 9 1 
1580 80 15 144.60 37815.84 10 0.00 66 0.61 9 1 
1583 80 15 66.00 0.00 1 0.00 66 0.00 0 1 
1586 80 15 567.67 371240.62 15 0.00 66 0.26 14 1 
1589 80 15 341.75 185295.85 12 0.00 66 0.05 11 1 
1592 80 15 379.22 244319.51 9 0.00 66 0.05 8 1 
1595 80 15 202.90 81596.89 10 0.00 66 1.35 9 1 
1598 80 15 160.10 46774.89 10 0.00 66 9.38 9 1 
1601 80 15 448.15 166661.43 20 0.00 66 0.08 19 1 
3584 80 15 553.55 408678.52 22 0.00 66 0.02 21 1 
1605 80 15 113.33 16201.56 12 0.00 66 0.12 11 1 
3588 80 15 137.56 23415.25 18 0.00 66 13.39 17 1 
1608 80 15 163.44 40041.14 9 0.00 66 0.37 7 1 
3600 80 15 104.33 6796.89 9 0.00 66 0.02 8 1 
1613 80 15 516.94 346694.16 18 0.00 66 3.74 16 1 
1616 80 15 237.17 70340.81 12 0.00 66 0.87 11 1 
1783 80 15 355.17 276645.14 12 0.00 66 0.01 11 1 
1784 80 15 701.50 513767.25 16 0.00 66 0.27 14 1 
1619 80 15 270.74 42474.09 19 0.00 66 3.67 18 1 
3722 80 15 104.33 6796.89 9 0.00 66 0.02 8 1 
1786 80 15 701.50 513767.25 16 0.00 66 0.27 14 1 
1787 80 15 124.00 17486.00 9 0.00 66 0.02 8 1 
1624 80 15 566.71 255481.23 41 0.00 66 0.09 40 1 
1626 80 15 439.26 108908.14 43 0.00 66 0.24 42 1 
3780 80 15 199.87 33958.58 30 0.00 66 7.15 29 1 
3781 80 15 106.20 15294.16 15 0.00 62 17.12 14 1 
1628 80 15 421.95 46551.60 40 0.00 66 0.15 38 1 
1639 80 15 487.85 102025.48 96 0.00 66 0.17 95 1 
1483 80 15 88.80 1189.36 15 0.00 66 6.22 14 1 
1646 80 15 62.00 6.00 4 0.00 66 0.04 3 1 
3617 46615 15 61.00 1.00 4 0.00 62 0.47 3 1 
1648 80 15 398.77 33267.54 116 0.00 66 1.20 115 1 
1793 80 15 94.90 6462.49 10 0.00 66 0.40 8 1 
1794 80 15 88.80 1189.36 15 0.00 66 6.22 14 1 
3905 80 15 697.38 422450.58 47 0.00 66 0.30 45 1 
3919 80 15 100.50 6249.45 10 0.00 66 0.11 9 1 
3932 80 15 475.90 328516.16 30 0.00 66 2.80 28 1 
3963 80 15 179.91 77111.72 11 0.00 66 5.96 9 1 
3999 80 15 160.10 28183.32 21 0.00 66 10.97 20 1 
4002 80 15 107.07 15733.80 15 0.00 66 17.12 14 1 
4027 80 15 226.08 75625.46 13 0.00 66 6.30 11 1 
1487 80 15 73.67 732.56 6 0.00 66 0.55 4 1 
4058 80 15 142.30 29110.01 10 0.00 66 0.87 9 1 
4066 80 15 830.54 487547.51 84 0.00 66 0.08 83 1 
4076 80 15 391.33 255570.89 9 0.00 66 0.05 8 1 
4082 80 15 325.06 78047.94 18 0.00 66 0.10 17 1 
4093 80 15 156.00 41223.20 10 0.00 66 2.62 9 1 
4097 80 15 63.33 3.56 3 0.00 66 2.99 0 1 
4111 80 15 820.56 505700.10 248 0.00 66 0.51 247 1 
4123 80 15 249.73 187508.38 11 0.00 66 0.31 9 1 
1493 80 15 94.90 6462.49 10 0.00 66 0.39 8 1 
4142 80 15 735.42 431113.02 100 0.00 66 0.17 99 1 
1795 80 15 70.50 543.75 8 0.00 66 1.13 7 1 
4153 80 15 464.22 336692.78 23 0.00 66 0.52 22 1 
4156 80 15 369.50 277955.25 14 0.00 66 0.51 13 1 
4173 80 15 361.15 274687.67 13 0.00 66 0.94 12 1 
4176 80 15 910.45 493605.72 42 0.00 66 0.36 41 1 
4186 80 15 164.78 37827.06 9 0.00 66 0.33 7 1 
4201 80 15 63.33 3.56 3 0.00 66 1.30 2 1 
4212 80 15 601.15 414071.36 13 0.00 66 0.06 12 1 
1798 80 15 88.80 1189.36 15 0.00 66 6.23 14 1 
4227 80 15 739.55 345877.15 20 0.00 66 0.11 19 1 
4236 80 15 816.19 500144.54 67 0.00 66 0.14 66 1 
4242 80 15 148.90 33910.09 10 0.00 66 3.16 9 1 
4247 80 15 419.88 85859.28 17 0.00 66 0.02 16 1 
4251 80 15 337.44 103381.50 16 0.00 66 0.73 15 1 
4257 80 15 221.80 112165.96 10 0.00 66 1.39 9 1 
4267 80 15 107.00 15678.80 15 0.00 66 17.25 14 1 
4300 80 15 63.00 9.00 2 0.00 66 0.02 1 1 
4311 80 15 105.62 14032.98 8 0.00 66 1.14 7 1 
4355 80 15 189.14 42022.69 14 0.00 66 5.23 12 1 
4369 80 15 66.00 0.00 1 0.00 66 0.00 0 1 
4377 80 15 396.50 283090.25 24 0.00 66 0.77 22 1 
4399 80 15 226.00 75537.69 13 0.00 66 5.87 11 1 
4416 80 15 273.23 59944.49 13 0.00 66 0.36 11 1 
4425 80 15 196.23 47551.25 13 0.00 66 1.63 12 1 
4432 80 15 380.62 283130.70 13 0.00 66 1.40 12 1 
4438 80 15 184.29 26834.35 14 0.00 66 7.61 13 1 
4447 80 15 722.30 492917.12 33 0.00 66 0.34 32 1 
1499 80 15 755.16 518535.29 19 0.00 66 0.51 18 1 
4469 80 15 488.45 256190.43 11 0.00 66 0.06 10 1 
4476 80 15 802.87 487959.14 70 0.00 66 0.12 69 1 
4485 80 15 155.70 40963.61 10 0.00 66 116.79 9 1 
4488 80 15 373.75 124710.29 20 0.00 66 0.81 19 1 
4498 80 15 810.92 509495.92 64 0.00 66 0.97 63 1 
4507 80 15 163.11 39718.99 9 0.00 66 0.37 7 1 
4515 80 15 553.55 402327.25 22 0.00 66 0.08 21 1 
4519 80 15 235.18 81345.60 11 0.00 66 1.09 10 1 
4524 80 15 107.07 15733.80 15 0.00 66 17.11 14 1 
4536 80 15 155.33 37288.89 9 0.00 66 0.37 7 1 
1503 80 15 89.33 1159.42 15 0.00 66 6.22 14 1 
4543 80 15 344.00 233831.83 12 0.00 66 0.06 11 1 
4554 80 15 62.00 6.00 4 0.00 66 0.01 3 1 
4556 80 15 62.00 6.00 4 0.00 66 0.03 3 1 
1802 80 15 701.50 513767.25 16 0.00 66 0.27 14 1 
1804 80 15 382.00 293154.36 11 0.00 66 0.01 10 1 
1807 80 15 346.00 288522.17 12 0.00 66 0.04 11 1 
1810 80 15 132.67 20667.56 9 0.00 66 0.04 8 1 
1813 80 15 475.09 244877.71 32 0.00 66 0.49 31 1 
1816 80 15 143.18 29824.88 11 0.00 66 0.33 9 1 
1820 80 15 628.67 465008.09 30 0.00 66 0.01 29 1 
1824 80 15 593.54 413574.86 13 0.00 66 4.83 12 1 
1827 80 15 723.79 502793.25 48 0.00 66 0.22 47 1 
1829 80 15 126.45 19204.98 11 0.00 66 0.32 9 1 
1832 80 15 66.00 0.00 1 0.00 66 0.00 0 1 
1835 80 15 705.44 341242.46 75 0.00 66 0.04 74 1 
1838 80 15 224.77 76221.10 13 0.00 66 0.65 12 1 
1841 80 15 353.32 84470.93 28 0.00 66 0.38 27 1 
1844 80 15 677.09 485387.05 35 0.00 66 0.26 34 1 
1847 80 15 341.25 184963.19 12 0.00 66 0.12 11 1 
1850 80 15 318.39 72678.90 18 0.00 66 0.09 17 1 
1853 80 15 335.69 274831.91 13 0.00 66 0.42 12 1 
1857 80 15 848.70 512007.53 47 0.00 66 0.01 46 1 
1859 80 15 176.22 48259.06 9 0.00 66 0.35 7 1 
1861 80 15 156.10 39804.09 10 0.00 66 0.94 7 1 
1864 80 15 66.00 0.00 1 0.00 66 0.00 0 1 
1867 80 15 782.27 492914.60 15 0.00 66 0.06 14 1 
1870 80 15 503.87 194283.85 15 0.00 66 0.12 14 1 
1873 80 15 685.09 429735.17 22 0.00 66 0.06 21 1 
1876 80 15 181.33 51381.33 9 0.00 66 0.35 7 1 
1879 80 15 666.23 469184.95 13 0.00 66 0.05 12 1 
1882 80 15 124.00 18759.20 10 0.00 66 0.11 9 1 
4726 80 15 553.55 402327.25 22 0.00 66 0.16 21 1 
4732 80 15 160.00 28156.00 21 0.00 66 10.99 20 1 
4736 80 15 107.07 15733.80 15 0.00 66 17.09 14 1 
1889 80 15 118.27 17033.83 11 0.00 66 0.11 10 1 
1891 80 15 200.77 73616.49 13 0.00 66 5.27 11 1 
1894 80 15 201.60 77957.44 5 0.00 66 0.25 4 1 
1508 80 15 94.90 6462.49 10 0.00 66 0.39 8 1 
4812 80 15 104.22 6755.73 9 0.00 66 0.03 8 1 
4874 80 15 104.22 6755.73 9 0.00 66 0.02 8 1 
4131 80 15 128.50 19183.85 10 0.00 62 61.07 9 1 
4934 80 15 176.25 30873.44 24 0.00 66 9.50 23 1 
4936 80 15 107.00 15678.80 15 0.00 66 17.24 14 1 
4980 80 15 104.11 6714.77 9 0.00 66 0.30 8 1 
1904 80 15 73.67 732.56 6 0.00 66 0.55 4 1 
1907 80 15 94.90 6462.49 10 0.00 66 0.40 8 1 
1513 80 15 70.50 543.75 8 0.00 66 1.14 7 1 
1516 80 15 332.00 261311.23 13 0.00 66 0.01 12 1 
1059 80 15 159.95 28142.62 21 0.00 66 11.22 20 1 
1062 80 15 106.80 15756.69 15 0.00 62 17.05 14 1 
1075 80 15 104.11 6714.77 9 0.00 66 0.02 8 1 
2034 28808 15 89.20 1166.56 20 0.00 62 2.35 19 1 
2080 4662 15 91.84 1966.45 19 0.00 62 2.43 18 1 
1089 80 15 99.70 6218.41 10 0.00 66 0.02 9 1 
1093 80 15 166.12 30501.11 24 0.00 66 10.34 23 1 
1519 80 15 132.00 19095.75 8 0.00 66 0.02 7 1 
1097 80 15 883.26 516866.23 944228 9.44 70 0.02 944227 1 
1521 80 15 70.50 543.75 8 0.00 66 1.13 7 1 
1522 80 15 94.90 6462.49 10 0.00 66 0.39 8 1 
1101 80 15 111.22 9163.95 9 0.00 66 0.41 7 1 
1103 80 15 181.38 66049.23 8 0.00 66 0.10 7 1 
2097 80 15 382.00 269663.82 11 0.00 66 0.02 10 1 
1108 1863 15 85.14 2130.12 14 0.00 66 0.27 12 1 
1111 80 15 137.56 23586.36 18 0.00 66 13.59 17 1 
2098 80 15 94.90 6462.49 10 0.00 66 0.39 8 1 
1115 80 15 674.17 446213.09 42 0.00 62 0.10 41 1 
1118 80 15 542.64 291437.69 11 0.00 66 1.40 9 1 
1119 80 15 181.00 65703.75 8 0.00 66 0.50 7 1 
1122 80 15 184.50 27491.25 8 0.00 66 0.11 7 1 
1125 80 15 63.00 3.00 4 0.00 66 2.52 3 1 
1128 80 15 170.67 25967.56 9 0.00 66 0.10 8 1 
1131 80 15 195.18 28575.60 11 0.00 66 0.19 10 1 
1133 80 15 143.67 21664.22 6 0.00 66 0.07 5 1 
1135 80 15 63.00 3.00 4 0.00 66 2.31 3 1 
1138 80 15 62.40 3.84 5 0.00 66 6.24 4 1 
1141 443 15 731.11 414819.30 254 0.00 66 0.45 252 1 
1144 443 15 490.14 306821.65 21 0.00 66 3.76 19 1 
1146 443 15 475.60 321084.91 15 0.00 66 4.58 13 1 
1606 80 15 124.00 17486.00 9 0.00 66 0.01 8 1 
1149 80 15 180.88 65538.86 8 0.00 66 0.11 7 1 
30319 42945 16 103.00 361.00 2 0.00 84 0.05 0 1 
30319 17442 16 84.00 0.00 3 0.00 84 15.57 0 1 
1152 80 15 111.33 9193.78 9 0.00 66 0.40 7 1 
30319 51364 16 156.75 8634.69 4 0.00 84 18.78 0 1 
1154 80 15 199.40 33702.24 15 0.00 66 6.10 14 1 
1157 80 15 167.46 29509.02 13 0.00 66 7.04 12 1 
1158 80 15 167.78 59801.95 9 0.00 66 0.72 7 1 
1160 443 15 552.55 327581.04 38 0.00 66 2.23 36 1 
1689 80 15 70.50 543.75 8 0.00 66 1.16 7 1 
2101 80 15 94.90 6462.49 10 0.00 66 0.39 8 1 
1166 80 15 345.19 245669.90 16 0.00 66 0.91 14 1 
2102 80 15 748.53 521102.13 17 0.00 62 0.08 16 1 
10883 10978 16 135.25 13461.69 4 0.00 77 67.11 0 1 
2104 80 15 73.67 732.56 6 0.00 66 0.53 4 1 
30319 17322 16 103.00 361.00 2 0.00 84 0.35 0 1 
1173 443 15 619.24 428321.66 42 0.00 66 0.17 40 1 
2107 80 15 94.90 6462.49 10 0.00 66 0.39 8 1 
1176 80 15 220.20 103226.76 10 0.00 66 0.37 8 1 
1179 443 15 401.42 305408.63 26 0.00 66 1.94 24 1 
1181 443 15 424.30 301736.41 20 0.00 66 3.22 18 1 
1184 80 15 340.06 71277.15 53 0.00 66 1.30 51 1 
1187 80 15 111.33 9193.78 9 0.00 66 0.40 7 1 
1190 443 15 391.57 299457.72 23 0.00 66 2.14 21 1 
1193 443 15 398.30 273977.84 27 0.00 66 0.24 25 1 
1196 80 15 279.85 83993.36 13 0.00 66 5.24 12 1 
1199 7001 16 66.00 0.00 1 0.00 66 0.00 0 1 
1202 7001 15 63.80 29.16 10 0.00 66 0.36 8 1 
1205 443 15 396.08 280859.22 26 0.00 66 1.34 23 1 
1207 80 15 369.88 190828.67 25 0.00 66 2.89 23 1 
1210 80 15 122.75 17639.94 8 0.00 66 8.46 6 1 
2111 80 15 148.75 23167.94 8 0.00 66 8.12 7 1 
2114 80 15 489.92 227788.99 13 0.00 66 1.77 11 1 
2116 80 15 62.40 3.84 5 0.00 66 5.93 4 1 
1213 443 15 373.78 262933.95 27 0.00 66 0.24 25 1 
2121 443 15 740.81 419874.05 288 0.00 66 0.38 286 1 
1216 80 15 111.22 9163.95 9 0.00 66 0.41 7 1 
2123 443 15 780.71 426521.43 334 0.00 66 0.29 332 1 
1217 443 15 440.91 300738.60 23 0.00 66 3.05 21 1 
1219 443 15 451.52 315817.58 21 0.00 66 2.79 19 1 
2128 443 15 389.22 256382.17 18 0.00 66 0.21 16 1 
1221 443 15 411.43 272009.58 21 0.00 66 3.06 19 1 
1222 80 15 181.00 65703.75 8 0.00 66 0.10 7 1 
30319 64654 16 84.00 0.00 2 0.00 84 14.75 0 1 
10883 2138 16 72.00 64.00 2 0.00 64 0.68 0 1 
30319 17451 16 206.50 9900.25 2 0.00 107 0.08 0 1 
1225 80 15 111.22 9163.95 9 0.00 66 0.41 7 1 
2135 443 15 467.81 379090.03 32 0.00 66 0.34 30 1 
2138 80 15 811.44 486627.69 87 0.00 66 0.08 86 1 
1227 80 15 111.22 9163.95 9 0.00 66 0.39 7 1 
2142 80 15 603.87 337995.72 15 0.00 66 0.69 14 1 
2145 1863 15 84.73 2125.26 15 0.00 66 0.25 13 1 
2148 80 15 214.22 81715.95 9 0.00 66 0.66 7 1 
1228 80 15 181.00 65703.75 8 0.00 66 0.14 7 1 
2151 443 15 382.48 281107.12 23 0.00 62 0.15 22 1 
2154 443 15 462.64 327028.60 22 0.00 66 2.56 20 1 
2157 443 15 361.48 282548.01 25 0.00 66 2.62 23 1 
30720 30710 16 259.55 144998.43 11 0.00 74 48.98 0 1 
30720 30720 16 84.11 2309.82 11982 0.12 61 0.04 0 1 
30720 30720 16 117.00 3136.00 2 0.00 61 0.02 0 1 
30720 30720 16 61.00 0.00 1 0.00 61 0.00 0 1 
30720 30720 16 152.00 8281.00 2 0.00 61 0.02 0 1 
30720 30720 16 113.50 2756.25 2 0.00 61 0.08 0 1 
30720 30721 16 127.50 4422.25 2 0.00 61 0.17 0 1 
30720 30720 16 112.00 2601.00 2 0.00 61 0.09 0 1 
30720 30720 16 112.50 2652.25 2 0.00 61 0.22 0 1 
30720 30720 16 131.00 4900.00 2 0.00 61 0.16 0 1 
30720 30725 16 61.00 0.00 1 0.00 61 0.00 0 1 
30720 35244 16 61.00 0.00 1 0.00 61 0.00 0 1 
30720 30720 16 115.00 2916.00 2 0.00 61 0.04 0 1 
30720 27000 16 95.72 5527.84 2140 0.02 61 0.11 0 1 
30720 30720 16 149.00 7744.00 2 0.00 61 0.06 0 1 
30720 30720 16 131.50 4970.25 2 0.00 61 0.10 0 1 
30720 61485 16 61.00 0.00 1 0.00 61 0.00 0 1 
30720 44666 16 61.00 0.00 1 0.00 61 0.00 0 1 
30720 30721 16 124.00 3969.00 2 0.00 61 0.10 0 1 
30720 30720 16 61.00 0.00 1 0.00 61 0.00 0 1 
30720 30720 16 112.50 2652.25 2 0.00 61 0.02 0 1 
30720 60164 16 61.00 0.00 1 0.00 61 0.00 0 1 
30720 60007 16 115.50 2970.25 2 0.00 61 0.06 0 1 
30720 36722 16 61.00 0.00 1 0.00 61 0.00 0 1 
30720 30720 16 138.50 6006.25 2 0.00 61 0.04 0 1 
30720 30720 16 61.00 0.00 1 0.00 61 0.00 0 1 
30720 30720 16 113.50 2756.25 2 0.00 61 0.06 0 1 
30720 30720 16 113.50 2756.25 2 0.00 61 0.06 0 1 
30720 63538 16 61.00 0.00 1 0.00 61 0.00 0 1 
30720 27725 16 119.50 3422.25 2 0.00 61 0.22 0 1 
30720 34758 16 61.00 0.00 1 0.00 61 0.00 0 1 
30720 27960 6 121.00 3600.00 2 0.00 61 0.13 0 1 
30720 27600 16 119.00 3364.00 2 0.00 61 0.22 0 1 
30720 30720 16 113.50 2756.25 2 0.00 61 0.03 0 1 
30720 65347 16 61.00 0.00 1 0.00 61 0.00 0 1 
30720 30720 16 117.50 3192.25 2 0.00 61 0.10 0 1 
30720 30721 16 123.00 3844.00 2 0.00 61 0.06 0 1 
30720 30720 16 121.00 3600.00 2 0.00 61 0.08 0 1 
30720 30720 16 117.50 3192.25 2 0.00 61 0.09 0 1 
30720 30721 16 61.00 0.00 1 0.00 61 0.00 0 1 
30720 30720 16 61.00 0.00 1 0.00 61 0.00 0 1 
30720 30720 16 113.50 2756.25 2 0.00 61 0.09 0 1 
30720 30720 16 61.00 0.00 1 0.00 61 0.00 0 1 
30720 30721 16 116.50 3080.25 2 0.00 61 0.02 0 1 
30720 53553 16 123.00 3844.00 2 0.00 61 0.07 0 1 
30720 27500 7 119.00 3364.00 2 0.00 61 0.21 0 1 
30720 40720 16 61.00 0.00 1 0.00 61 0.00 0 1 
30720 30720 16 61.00 0.00 1 0.00 61 0.00 0 1 
30720 30720 16 61.00 0.00 1 0.00 61 0.00 0 1 
30720 60132 16 61.00 0.00 1 0.00 61 0.00 0 1 
30720 30720 16 118.50 3306.25 2 0.00 61 0.05 0 1 
30720 30720 16 129.50 4692.25 2 0.00 61 0.07 0 1 
30720 27960 6 115.50 2970.25 2 0.00 61 0.05 0 1 
30720 30720 16 61.00 0.00 1 0.00 61 0.00 0 1 
30720 30720 16 113.50 2756.25 2 0.00 61 0.05 0 1 
30720 30720 16 122.00 3721.00 2 0.00 61 0.04 0 1 
30720 30666 16 119.50 3422.25 2 0.00 61 0.08 0 1 
30720 30720 16 122.50 3782.25 2 0.00 61 0.07 0 1 
30720 30720 16 61.00 0.00 1 0.00 61 0.00 0 1 
30720 30720 16 121.00 3600.00 2 0.00 61 0.03 0 1 
30720 30721 16 61.00 0.00 1 0.00 61 0.00 0 1 
30720 30720 16 114.00 2809.00 2 0.00 61 0.02 0 1 
30720 30720 16 61.00 0.00 1 0.00 61 0.00 0 1 
30720 30720 16 61.00 0.00 1 0.00 61 0.00 0 1 
30720 63989 16 61.00 0.00 1 0.00 61 0.00 0 1 
30720 30720 16 103.50 1806.25 2 0.00 61 0.02 0 1 
30720 60082 16 61.00 0.00 1 0.00 61 0.00 0 1 
30720 30720 16 123.50 3906.25 2 0.00 61 0.03 0 1 
30720 30721 16 121.50 3660.25 2 0.00 61 0.19 0 1 
30720 30720 16 112.50 2652.25 2 0.00 61 0.03 0 1 
30720 30720 16 114.00 2809.00 2 0.00 61 0.13 0 1 
30720 59679 16 113.50 2756.25 2 0.00 61 0.04 0 1 
30720 30720 16 61.00 0.00 1 0.00 61 0.00 0 1 
30720 30720 16 61.00 0.00 1 0.00 61 0.00 0 1 
30720 61450 16 61.00 0.00 1 0.00 61 0.00 0 1 
30720 31270 16 165.50 10920.25 2 0.00 61 0.02 0 1 
30720 30720 16 61.00 0.00 1 0.00 61 0.00 0 1 
30720 30720 16 112.50 2652.25 2 0.00 61 1.82 0 1 
30720 30720 16 61.00 0.00 1 0.00 61 0.00 0 1 
30720 30720 16 126.50 4290.25 2 0.00 61 0.03 0 1 
2162 443 15 419.86 276669.27 21 0.00 66 3.24 19 1 
1867 80 15 70.50 543.75 8 0.00 66 1.13 7 1 
2167 7001 16 63.33 3.56 3 0.00 66 0.13 0 1 
2169 7001 15 63.80 29.16 10 0.00 66 0.36 8 1 
1869 80 15 88.80 1189.36 15 0.00 66 6.22 14 1 
2173 443 15 475.00 305900.63 19 0.00 66 3.52 17 1 
2174 443 15 496.09 342427.90 22 0.00 66 2.50 20 1 
30319 28441 16 210.50 11130.25 2 0.00 105 0.20 0 1 
2183 80 15 73.67 732.56 6 0.00 66 0.56 4 1 
2184 80 15 124.00 17486.00 9 0.00 66 0.02 8 1 
30319 44959 16 148.75 6216.69 4 0.00 105 39.94 0 1 
2187 80 15 70.50 543.75 8 0.00 66 1.13 7 1 
2200 80 15 73.67 732.56 6 0.00 66 0.56 4 1 
1895 80 15 73.67 732.56 6 0.00 66 1.56 4 1 
1241 80 15 181.38 66049.23 8 0.00 66 0.10 7 1 
1907 80 15 281.00 223586.38 16 0.00 66 0.03 15 1 
1918 80 15 88.80 1189.36 15 0.00 66 6.22 14 1 
1243 80 15 181.38 66049.23 8 0.00 66 0.10 7 1 
2244 80 15 89.33 1159.42 15 0.00 66 6.22 14 1 
30319 16958 16 158.25 8943.19 4 0.00 105 31.57 0 1 
30319 50913 16 105.00 0.00 1 0.00 105 0.00 0 1 
1249 80 15 181.38 66049.23 8 0.00 66 0.10 7 1 
1957 80 15 354.67 276408.06 12 0.00 66 0.02 11 1 
46615 6881 16 181.83 7520.14 12 0.00 113 232.99 0 1 
2169 11199 15 61.67 4.56 6 0.00 66 0.18 3 1 
2172 38623 15 64.67 3.56 3 0.00 66 3.26 1 1 
2175 46615 15 381.04 262191.68 50 0.00 66 10.26 49 1 
2178 46615 15 64.00 4.00 2 0.00 66 1.50 0 1 
2181 46615 15 68.80 46.96 5 0.00 66 0.79 2 1 
2184 51343 15 62.40 8.64 5 0.00 66 0.11 4 1 
2187 46615 15 66.00 0.00 1 0.00 66 0.00 0 1 
2191 46615 15 61.67 4.56 6 0.00 66 0.18 3 1 
2194 46615 15 829.72 493844.06 542 0.01 66 0.30 540 1 
2197 16000 15 877.76 507828.96 3625 0.04 66 0.21 3624 1 
2200 46615 15 64.00 4.00 2 0.00 66 1.50 0 1 
2203 46615 15 66.00 0.00 1 0.00 66 0.00 0 1 
2206 46615 15 66.00 0.00 1 0.00 66 0.00 0 1 
2209 46615 15 66.00 0.00 1 0.00 66 0.00 0 1 
2212 18645 15 63.33 3.56 3 0.00 66 2.98 0 1 
2215 46615 15 63.33 3.56 3 0.00 66 2.99 0 1 
2218 30446 15 63.33 3.56 3 0.00 66 3.01 0 1 
2221 52523 15 62.00 4.80 5 0.00 66 0.62 3 1 
2224 62020 15 66.00 0.00 2 0.00 66 5.24 1 1 
2227 46615 15 63.00 9.00 4 0.00 66 0.08 3 1 
2229 46615 15 63.33 3.56 3 0.00 66 2.98 0 1 
2232 63299 15 63.33 3.56 3 0.00 66 3.01 0 1 
2236 58970 15 63.33 3.56 3 0.00 66 2.97 0 1 
2243 46615 15 63.33 3.56 3 0.00 66 2.98 0 1 
1437 4111 15 110.90 4480.39 20 0.00 70 0.13 19 1 
2248 10984 15 63.33 3.56 3 0.00 66 3.01 0 1 
2250 46615 15 62.50 4.75 4 0.00 66 2.53 1 1 
2253 10546 15 61.67 4.56 6 0.00 66 0.31 3 1 
1440 411 15 126.20 7723.36 10 0.00 70 0.01 9 1 
1442 1991 15 134.09 23870.97 6693 0.07 70 0.62 6692 1 
2258 46615 15 62.00 4.80 5 0.00 66 0.70 3 1 
2261 46615 15 62.50 7.75 8 0.00 66 0.78 6 1 
2264 4242 15 63.33 3.56 3 0.00 66 2.99 0 1 
2267 46615 15 63.00 9.00 4 0.00 66 0.07 3 1 
2270 17088 15 62.86 7.84 7 0.00 66 0.76 5 1 
2273 46615 15 63.33 3.56 3 0.00 66 2.98 0 1 
2276 46615 15 61.67 4.56 6 0.00 66 0.20 4 1 
2279 25564 15 63.33 3.56 3 0.00 66 2.99 0 1 
2282 34305 15 62.00 4.80 5 0.00 66 0.72 2 1 
46615 6882 16 195.50 6962.25 4 0.00 149 465.21 0 1 
46615 11394 16 148.50 12.25 2 0.00 152 0.42 0 1 
2284 53020 15 62.00 4.80 5 0.00 66 1.05 3 1 
2286 46615 15 62.00 4.80 5 0.00 66 1.15 3 1 
46615 26829 16 152.00 0.00 1 0.00 152 0.00 0 1 
2288 46615 15 61.71 3.92 7 0.00 66 1.22 4 1 
46615 55629 16 152.00 0.00 1 0.00 152 0.00 0 1 
46615 22912 16 219.00 7585.60 5 0.00 152 275.65 0 1 
46615 12631 16 230.83 6834.47 6 0.00 152 229.63 0 1 
2293 46615 15 66.00 0.00 4 0.00 66 2.42 3 1 
46615 32777 16 239.17 8354.81 6 0.00 152 229.41 0 1 
2294 46615 15 62.00 4.80 5 0.00 66 0.74 3 1 
2296 46615 15 62.40 8.64 5 0.00 66 0.08 4 1 
46615 20552 16 152.00 0.00 1 0.00 152 0.00 0 1 
2298 58970 15 63.00 9.00 4 0.00 66 0.12 3 1 
46615 57020 16 200.86 7159.84 7 0.00 152 386.94 0 1 
2301 46615 15 66.00 0.00 1 0.00 66 0.00 0 1 
2303 57564 15 66.00 0.00 1 0.00 66 0.00 0 1 
46615 11871 16 152.00 0.00 1 0.00 152 0.00 0 1 
46615 12237 16 146.75 1390.69 4 0.00 152 352.94 0 1 
46615 32396 16 341.50 35910.25 2 0.00 152 0.32 0 1 
46615 23000 16 152.00 0.00 1 0.00 152 0.00 0 1 
46615 30864 16 152.00 0.00 1 0.00 152 0.00 0 1 
46615 20085 16 250.50 33942.25 4 0.00 152 14.12 0 1 
46615 50899 16 152.00 0.00 1 0.00 152 0.00 0 1 
46615 34443 16 152.00 0.00 1 0.00 152 0.00 0 1 
2308 46615 15 63.00 9.00 4 0.00 66 0.01 3 1 
46615 25485 16 150.00 4.00 2 0.00 152 685.97 0 1 
2310 46615 15 63.33 3.56 3 0.00 66 2.98 0 1 
2313 46615 15 63.33 3.56 3 0.00 66 3.01 0 1 
46615 60029 16 152.00 0.00 1 0.00 152 0.00 0 1 
46615 20181 16 229.50 6480.25 2 0.00 149 0.20 0 1 
46615 26156 16 149.00 0.00 1 0.00 149 0.00 0 1 
2318 46615 15 64.00 4.00 2 0.00 66 1.50 0 1 
46615 20061 16 152.00 0.00 1 0.00 152 0.00 0 1 
46615 62438 16 149.00 0.00 1 0.00 149 0.00 0 1 
46615 7881 16 149.00 0.00 1 0.00 149 0.00 0 1 
2320 46615 15 66.00 0.00 1 0.00 66 0.00 0 1 
46615 53808 16 149.00 0.00 1 0.00 149 0.00 0 1 
46615 6881 16 149.00 0.00 1 0.00 149 0.00 0 1 
2323 27841 15 62.80 2.56 5 0.00 66 2.81 3 1 
46615 20624 16 229.50 6480.25 2 0.00 149 0.46 0 1 
46615 16001 16 149.00 0.00 1 0.00 149 0.00 0 1 
46615 18336 16 149.00 0.00 1 0.00 149 0.00 0 1 
46615 10979 16 149.00 0.00 1 0.00 149 0.00 0 1 
46615 1350 16 152.00 0.00 1 0.00 152 0.00 0 1 
46615 1868 16 149.00 0.00 1 0.00 149 0.00 0 1 
2325 46615 15 66.00 0.00 1 0.00 66 0.00 0 1 
46615 9622 16 152.00 0.00 1 0.00 152 0.00 0 1 
46615 37235 16 149.00 0.00 1 0.00 149 0.00 0 1 
46615 40407 16 234.00 7225.00 2 0.00 149 0.07 0 1 
46615 16001 16 149.00 0.00 1 0.00 149 0.00 0 1 
46615 61153 16 152.00 0.00 1 0.00 152 0.00 0 1 
46615 27414 16 152.00 0.00 1 0.00 152 0.00 0 1 
2334 28661 15 858.93 499711.97 3448 0.03 66 0.20 3447 1 
2337 46615 15 62.80 2.56 5 0.00 66 3.62 3 1 
2340 46615 15 64.00 4.00 2 0.00 66 1.51 0 1 
2343 31659 15 66.00 0.00 1 0.00 66 0.00 0 1 
2346 46615 15 63.33 3.56 3 0.00 66 3.01 0 1 
2349 46615 15 66.00 0.00 1 0.00 66 0.00 0 1 
2352 46615 15 66.00 0.00 1 0.00 66 0.00 0 1 
2355 46615 15 64.00 4.00 2 0.00 66 1.50 0 1 
2358 46615 15 63.33 3.56 3 0.00 66 3.01 0 1 
2361 46615 15 61.50 6.75 4 0.00 66 0.05 3 1 
2364 46615 15 62.00 4.80 5 0.00 66 0.65 3 1 
2367 46615 15 63.33 3.56 3 0.00 66 2.95 0 1 
2370 49523 15 63.33 3.56 3 0.00 66 2.97 0 1 
2373 46615 15 62.00 4.00 6 0.00 66 1.62 3 1 
2378 46615 15 62.00 4.80 5 0.00 66 0.67 3 1 
2382 46615 15 63.00 9.00 4 0.00 66 0.20 3 1 
2386 46615 15 63.33 3.56 3 0.00 66 3.00 0 1 
2392 46615 15 62.50 4.75 4 0.00 66 2.30 1 1 
2395 51874 15 63.00 9.00 4 0.00 66 0.50 3 1 
2398 46615 15 62.00 4.80 5 0.00 66 2.14 2 1 
2401 46615 15 63.33 3.56 3 0.00 66 2.98 0 1 
2404 46615 15 62.00 4.80 5 0.00 66 0.84 3 1 
2406 46615 15 62.00 4.00 6 0.00 66 1.63 3 1 
2409 46615 15 63.00 9.00 4 0.00 66 0.08 3 1 
2412 46615 15 62.00 4.80 5 0.00 66 0.66 3 1 
2415 46615 15 62.00 4.80 5 0.00 66 0.76 2 1 
2418 46615 15 61.67 4.56 6 0.00 66 0.17 3 1 
2421 46615 15 63.33 3.56 3 0.00 66 3.00 0 1 
2424 46615 15 62.00 4.80 5 0.00 66 0.64 3 1 
2427 57564 15 63.33 3.56 3 0.00 66 3.01 0 1 
2431 46615 15 62.00 4.80 5 0.00 66 0.91 2 1 
2436 46615 15 62.00 4.80 5 0.00 66 0.72 3 1 
2440 14416 15 63.33 3.56 3 0.00 66 2.97 0 1 
2447 46615 15 63.33 3.56 3 0.00 66 2.98 0 1 
2451 46615 15 62.00 4.80 5 0.00 66 1.23 2 1 
2454 46615 15 62.00 4.00 6 0.00 66 2.03 4 1 
2459 46615 15 62.00 4.80 5 0.00 66 1.31 3 1 
2463 46615 15 62.50 4.75 4 0.00 66 2.35 1 1 
2474 46615 15 62.00 4.80 5 0.00 66 0.94 2 1 
2477 46615 15 63.33 3.56 3 0.00 66 3.00 0 1 
2482 31659 15 63.33 3.56 3 0.00 66 2.95 0 1 
2488 39452 15 62.00 4.80 5 0.00 66 0.71 2 1 
2493 20676 15 63.33 3.56 3 0.00 66 2.99 0 1 
2496 45173 15 63.33 3.56 3 0.00 66 2.99 0 1 
2500 46615 15 61.67 4.56 6 0.00 66 0.43 3 1 
2504 62739 15 61.67 4.56 6 0.00 66 0.20 3 1 
2510 46615 15 63.33 3.56 3 0.00 66 3.01 0 1 
2515 46615 15 63.33 3.56 3 0.00 66 2.95 0 1 
2520 46615 15 63.33 3.56 3 0.00 66 2.98 0 1 
2525 46615 15 63.33 3.56 3 0.00 66 3.01 0 1 
2530 46615 15 63.33 3.56 3 0.00 66 3.01 0 1 
2533 16651 15 62.00 4.00 6 0.00 66 1.38 4 1 
2536 46615 15 62.40 8.64 5 0.00 66 0.26 4 1 
2541 46615 15 63.33 3.56 3 0.00 66 3.00 0 1 
2544 46615 15 62.00 4.00 6 0.00 66 1.80 4 1 
2549 50352 15 62.00 4.00 6 0.00 66 1.39 4 1 
2552 46615 15 64.00 8.00 6 0.00 66 1.62 5 1 
2557 46615 15 63.33 3.56 3 0.00 66 3.00 0 1 
2560 46615 15 62.00 4.80 5 0.00 66 0.76 2 1 
2565 46615 15 62.00 4.80 5 0.00 66 0.78 3 1 
2570 55996 15 63.33 3.56 3 0.00 66 2.98 0 1 
2573 46615 15 63.00 9.00 4 0.00 66 0.03 3 1 
2576 46615 15 61.67 4.56 6 0.00 66 0.17 3 1 
2580 46615 15 62.00 4.00 6 0.00 66 2.17 3 1 
2584 46615 15 63.33 3.56 3 0.00 66 2.98 0 1 
2587 46615 15 62.40 8.64 5 0.00 66 0.10 4 1 
2591 46615 15 63.33 3.56 3 0.00 66 3.01 0 1 
2594 43119 15 61.67 4.56 6 0.00 66 0.18 3 1 
2598 46615 15 62.00 4.80 5 0.00 66 0.93 3 1 
2602 46615 15 61.71 3.92 7 0.00 66 1.73 4 1 
2605 46615 15 63.33 3.56 3 0.00 66 2.99 0 1 
2609 46615 15 63.33 3.56 3 0.00 66 2.96 0 1 
2613 46615 15 63.33 3.56 3 0.00 66 2.98 0 1 
2616 46615 15 63.00 9.00 4 0.00 66 0.08 3 1 
2621 42375 15 63.33 3.56 3 0.00 66 2.98 0 1 
2624 49235 15 62.00 4.80 5 0.00 66 0.63 3 1 
2628 46615 15 62.00 4.80 5 0.00 66 0.59 3 1 
2633 16000 15 62.00 6.00 4 0.00 66 0.13 3 1 
2637 46615 15 62.00 4.80 5 0.00 66 0.87 2 1 
2641 46615 15 62.00 4.80 5 0.00 66 1.15 3 1 
2644 46615 15 62.00 4.00 6 0.00 66 1.58 4 1 
2647 33788 15 63.33 3.56 3 0.00 66 2.96 0 1 
2651 46615 15 62.00 4.80 5 0.00 66 0.77 2 1 
2654 39452 15 62.00 4.80 5 0.00 66 0.71 2 1 
2657 46615 15 63.33 3.56 3 0.00 66 3.01 0 1 
2660 46615 15 63.33 3.56 3 0.00 66 3.00 0 1 
2663 46615 15 63.33 3.56 3 0.00 66 3.01 0 1 
2666 23040 15 61.67 4.56 6 0.00 66 0.32 3 1 
2669 46615 15 62.00 4.80 5 0.00 66 0.65 3 1 
2672 46615 15 63.33 3.56 3 0.00 66 2.97 0 1 
2676 46615 15 63.33 3.56 3 0.00 66 3.00 0 1 
2680 46615 15 63.33 3.56 3 0.00 66 2.99 0 1 
2683 46615 15 61.67 4.56 6 0.00 66 0.88 3 1 
2689 10004 15 63.33 3.56 3 0.00 66 2.99 0 1 
2692 46615 15 63.00 9.00 4 0.00 66 0.17 3 1 
2696 46615 15 63.00 9.00 4 0.00 66 0.07 3 1 
2705 22222 15 62.00 6.00 4 0.00 66 0.02 3 1 
2711 51781 15 63.33 3.56 3 0.00 66 2.96 0 1 
2714 46615 15 63.33 3.56 3 0.00 66 2.98 0 1 
2717 46615 15 63.33 3.56 3 0.00 66 2.95 0 1 
2721 46615 15 63.33 3.56 3 0.00 66 3.00 0 1 
2725 46615 15 63.00 9.00 4 0.00 66 0.20 3 1 
2728 46615 15 63.33 3.56 3 0.00 66 3.01 0 1 
2731 59550 15 62.40 8.64 5 0.00 66 0.06 4 1 
2734 46615 15 63.00 9.00 4 0.00 66 0.10 3 1 
2743 46615 15 63.33 3.56 3 0.00 66 3.00 0 1 
2747 37844 15 63.00 9.00 4 0.00 66 0.02 3 1 
2754 46615 15 63.33 3.56 3 0.00 66 2.95 0 1 
2757 46615 15 63.33 3.56 3 0.00 66 2.98 0 1 
2761 46615 15 63.33 3.56 3 0.00 66 2.98 0 1 
2764 46615 15 63.33 3.56 3 0.00 66 2.99 0 1 
2767 13330 15 62.33 7.22 6 0.00 66 0.58 4 1 
2771 46615 15 63.33 3.56 3 0.00 66 3.01 0 1 
2774 54081 15 63.33 3.56 3 0.00 66 2.95 0 1 
2778 46615 15 62.00 4.80 5 0.00 66 0.59 3 1 
2784 46615 15 61.50 6.75 4 0.00 66 0.04 3 1 
2787 46615 15 63.33 3.56 3 0.00 66 3.00 0 1 
2791 46615 15 63.33 3.56 3 0.00 66 2.99 0 1 
2794 46615 15 62.00 4.80 5 0.00 66 0.91 3 1 
2797 58762 15 63.33 3.56 3 0.00 66 2.99 0 1 
2801 46615 15 62.50 4.75 4 0.00 66 2.28 1 1 
2804 26670 15 61.67 4.56 6 0.00 66 0.18 3 1 
2808 22089 15 62.00 4.80 5 0.00 66 1.32 2 1 
2814 46615 15 62.00 4.80 5 0.00 66 0.65 3 1 
2817 46615 15 62.00 4.80 5 0.00 66 0.75 3 1 
2824 46615 15 63.33 3.56 3 0.00 66 3.01 0 1 
2827 55809 15 63.33 3.56 3 0.00 66 2.98 0 1 
2830 46615 15 63.33 3.56 3 0.00 66 2.99 0 1 
2836 46615 15 63.33 3.56 3 0.00 66 3.01 0 1 
2839 32559 15 61.67 4.56 6 0.00 66 0.09 4 1 
2845 46615 15 63.33 3.56 3 0.00 66 2.99 0 1 
2849 46615 15 63.00 9.00 4 0.00 66 0.09 3 1 
2852 46615 15 63.00 9.00 4 0.00 66 0.01 3 1 
2857 46615 15 63.33 3.56 3 0.00 66 3.01 0 1 
2860 11199 15 61.67 4.56 6 0.00 66 0.18 3 1 
2863 46615 15 62.00 4.80 5 0.00 66 0.66 3 1 
2866 46615 15 62.40 8.64 5 0.00 66 0.21 4 1 
2870 46615 15 63.33 3.56 3 0.00 66 3.01 0 1 
2873 46615 15 61.67 4.56 6 0.00 66 0.20 3 1 
2876 46615 15 62.00 4.80 5 0.00 66 0.68 3 1 
2879 11467 15 62.00 4.80 5 0.00 66 0.69 3 1 
2884 46615 15 63.33 3.56 3 0.00 66 2.98 0 1 
2887 46615 15 62.00 4.80 5 0.00 66 0.99 3 1 
2890 46615 15 63.33 3.56 3 0.00 66 3.01 0 1 
2894 56232 15 61.67 4.56 6 0.00 66 0.26 3 1 
2897 46615 15 62.00 4.80 5 0.00 66 1.00 2 1 
2900 46615 15 63.33 3.56 3 0.00 66 2.98 0 1 
2903 31080 15 62.00 4.80 5 0.00 66 0.62 3 1 
2906 18645 15 63.33 3.56 3 0.00 66 2.98 0 1 
2909 31659 15 63.33 3.56 3 0.00 66 2.95 0 1 
2912 46615 15 62.00 4.00 6 0.00 66 1.52 4 1 
2915 45749 15 62.00 4.80 5 0.00 66 1.02 2 1 
2918 46615 15 62.40 8.64 5 0.00 66 0.60 4 1 
2921 46615 15 63.00 9.00 4 0.00 66 0.23 3 1 
2925 46615 15 63.00 9.00 4 0.00 66 0.02 3 1 
2928 46615 15 63.33 3.56 3 0.00 66 3.00 0 1 
2931 46615 15 62.00 4.80 5 0.00 66 0.64 3 1 
2942 58970 15 63.00 9.00 4 0.00 66 0.22 3 1 
2946 55996 15 63.33 3.56 3 0.00 66 2.96 0 1 
2949 46615 15 62.00 4.80 5 0.00 66 0.88 3 1 
2952 50791 15 62.00 4.80 5 0.00 66 0.78 2 1 
2956 46615 15 63.33 3.56 3 0.00 66 2.98 0 1 
2959 46615 15 62.40 8.64 5 0.00 66 0.64 4 1 
2964 44349 15 63.33 3.56 3 0.00 66 3.01 0 1 
2968 37432 15 62.00 4.80 5 0.00 66 0.62 3 1 
2972 16651 15 62.00 4.80 5 0.00 66 0.95 3 1 
2975 46615 15 62.00 4.80 5 0.00 66 0.93 3 1 
2978 46615 15 63.33 3.56 3 0.00 66 2.96 0 1 
2981 46615 15 62.00 4.80 5 0.00 66 1.64 2 1 
2984 46615 15 61.67 4.56 6 0.00 66 0.17 3 1 
2987 44285 15 61.67 4.56 6 0.00 66 0.23 3 1 
2991 46615 15 63.33 3.56 3 0.00 66 2.99 0 1 
2994 46615 15 62.00 4.80 5 0.00 66 1.02 3 1 
2998 23330 15 63.33 3.56 3 0.00 66 2.98 0 1 
3001 46615 15 63.33 3.56 3 0.00 66 2.98 0 1 
3006 46615 15 62.00 4.80 5 0.00 66 0.90 3 1 
3010 6881 15 63.33 3.56 3 0.00 66 3.01 0 1 
3013 46615 15 62.00 4.80 5 0.00 66 0.93 2 1 
3016 57564 15 63.33 3.56 3 0.00 66 3.01 0 1 
3019 30686 15 63.00 9.00 4 0.00 66 0.03 3 1 
3022 19500 15 63.33 3.56 3 0.00 66 2.99 0 1 
3025 46615 15 63.00 9.00 4 0.00 66 0.15 3 1 
3028 46615 15 63.33 3.56 3 0.00 66 3.00 0 1 
3032 46615 15 62.00 4.80 5 0.00 66 0.65 3 1 
3036 46615 15 62.00 4.80 5 0.00 66 0.62 3 1 
3039 62280 15 63.33 3.56 3 0.00 66 2.98 0 1 
3043 46615 15 63.33 3.56 3 0.00 66 2.98 0 1 
3046 46615 15 62.00 4.00 6 0.00 66 1.68 3 1 
3050 46615 15 62.00 4.80 5 0.00 66 0.82 3 1 
3055 29580 15 63.33 3.56 3 0.00 66 2.99 0 1 
3058 37888 15 63.33 3.56 3 0.00 66 3.00 0 1 
3061 46615 15 62.40 8.64 5 0.00 66 0.07 4 1 
3067 54321 15 63.33 3.56 3 0.00 66 3.01 0 1 
3071 59413 15 63.33 3.56 3 0.00 66 3.01 0 1 
3075 59550 15 63.33 3.56 3 0.00 66 2.98 0 1 
3078 53563 15 62.00 4.80 5 0.00 66 1.71 2 1 
3081 46615 15 62.00 4.80 5 0.00 66 0.84 2 1 
3086 46615 15 63.33 3.56 3 0.00 66 3.00 0 1 
3089 46615 15 63.33 3.56 3 0.00 66 3.00 0 1 
3092 46615 15 62.00 4.80 5 0.00 66 0.75 2 1 
3095 58970 15 63.33 3.56 3 0.00 66 2.99 0 1 
3098 46615 15 62.00 4.80 5 0.00 66 0.63 3 1 
3101 46615 15 62.00 4.80 5 0.00 66 0.75 2 1 
3104 46615 15 63.00 9.00 4 0.00 66 0.11 3 1 
3108 46615 15 63.00 9.00 4 0.00 66 0.01 3 1 
3111 46615 15 63.33 3.56 3 0.00 66 2.99 0 1 
3114 46615 15 63.33 3.56 3 0.00 66 3.01 0 1 
3118 46615 15 61.67 4.56 6 0.00 66 0.36 3 1 
3122 46615 15 62.00 4.00 6 0.00 66 1.68 4 1 
3125 34589 15 61.67 4.56 6 0.00 66 0.55 3 1 
3128 46615 15 63.33 3.56 3 0.00 66 2.98 0 1 
3131 46615 15 62.00 4.80 5 0.00 66 1.09 2 1 
3134 55996 15 63.33 3.56 3 0.00 66 3.17 0 1 
3137 12049 15 63.33 3.56 3 0.00 66 3.00 0 1 
3140 46615 15 63.33 3.56 3 0.00 66 3.01 0 1 
3143 33156 15 63.33 3.56 3 0.00 66 2.98 0 1 
3146 30488 15 63.00 9.00 4 0.00 66 0.23 3 1 
3149 46615 15 62.50 4.75 4 0.00 66 2.30 1 1 
3157 46615 15 63.33 3.56 3 0.00 66 3.01 0 1 
3160 46615 15 63.33 3.56 3 0.00 66 2.97 0 1 
3163 46615 15 61.67 4.56 6 0.00 66 0.20 3 1 
3166 60884 15 62.00 4.00 6 0.00 66 1.47 4 1 
3169 46615 15 63.33 3.56 3 0.00 66 3.00 0 1 
3172 58970 15 62.40 8.64 5 0.00 66 0.36 4 1 
3175 46615 15 63.33 3.56 3 0.00 66 2.98 0 1 
3178 46615 15 63.33 3.56 3 0.00 66 2.96 0 1 
3181 10004 15 63.33 3.56 3 0.00 66 3.01 0 1 
3184 25564 15 63.33 3.56 3 0.00 66 3.00 0 1 
3187 46615 15 62.00 4.00 6 0.00 66 1.47 4 1 
3190 46615 15 63.33 3.56 3 0.00 66 2.98 0 1 
3193 46620 15 63.33 3.56 3 0.00 66 3.01 0 1 
3200 46615 15 62.00 4.80 5 0.00 66 0.73 2 1 
3203 46615 15 62.86 7.84 7 0.00 66 1.93 5 1 
3206 46615 15 62.00 4.80 5 0.00 66 0.77 3 1 
3211 46615 15 62.00 4.80 5 0.00 66 0.80 3 1 
3217 46615 15 63.33 3.56 3 0.00 66 2.99 0 1 
3221 35830 15 63.00 9.00 4 0.00 66 0.38 3 1 
3224 46615 15 63.33 3.56 3 0.00 66 3.01 0 1 
3227 46615 15 63.00 9.00 4 0.00 66 0.21 3 1 
3230 46615 15 62.00 4.00 6 0.00 66 1.12 4 1 
3233 46615 15 63.33 3.56 3 0.00 66 3.00 0 1 
3239 46615 15 63.33 3.56 3 0.00 66 2.96 0 1 
3243 30686 15 63.00 9.00 4 0.00 66 0.06 3 1 
3252 22089 15 61.67 4.56 6 0.00 66 0.20 3 1 
3257 46615 15 64.00 4.00 2 0.00 66 1.50 0 1 
3260 46615 15 62.00 4.80 5 0.00 66 0.64 3 1 
3263 46615 15 62.00 4.80 5 0.00 66 0.77 2 1 
3266 46615 15 63.33 3.56 3 0.00 66 3.00 0 1 
3270 46615 15 62.00 4.80 5 0.00 66 0.77 2 1 
46615 50544 16 149.00 0.00 1 0.00 149 0.00 0 1 
3272 46615 15 61.71 3.92 7 0.00 66 1.73 4 1 
46615 31427 16 242.90 9429.69 10 0.00 149 173.42 0 1 
46615 39929 16 149.00 0.00 1 0.00 149 0.00 0 1 
46615 40237 16 234.00 7225.00 2 0.00 149 0.05 0 1 
46615 14897 16 149.00 0.00 1 0.00 149 0.00 0 1 
46615 64695 16 189.50 5592.75 4 0.00 149 432.94 0 1 
46615 43724 16 149.00 0.00 1 0.00 149 0.00 0 1 
46615 29734 16 149.00 0.00 1 0.00 149 0.00 0 1 
46615 7442 16 149.00 0.00 1 0.00 149 0.00 0 1 
46615 12423 16 228.17 6698.47 6 0.00 149 148.84 0 1 
46615 40509 16 222.78 7408.40 9 0.00 149 191.68 0 1 
46615 8328 16 149.00 0.00 1 0.00 149 0.00 0 1 
46615 14066 16 228.00 6725.50 8 0.00 149 215.41 0 1 
46615 52409 16 149.00 0.00 1 0.00 149 0.00 0 1 
46615 23076 16 149.00 0.00 1 0.00 149 0.00 0 1 
46615 48308 16 149.00 0.00 1 0.00 149 0.00 0 1 
46615 49614 16 149.00 0.00 1 0.00 149 0.00 0 1 
3280 46615 15 63.33 3.56 3 0.00 66 2.96 0 1 
46615 27665 16 149.00 0.00 1 0.00 149 0.00 0 1 
3282 28650 15 61.67 4.56 6 0.00 66 0.19 3 1 
46615 7410 16 149.00 0.00 1 0.00 149 0.00 0 1 
46615 16942 16 149.00 0.00 1 0.00 149 0.00 0 1 
46615 10956 16 149.00 0.00 1 0.00 149 0.00 0 1 
3285 46615 15 63.33 3.56 3 0.00 66 2.99 0 1 
46615 26402 16 149.00 0.00 1 0.00 149 0.00 0 1 
46615 26950 16 149.00 0.00 1 0.00 149 0.00 0 1 
46615 27638 16 149.00 0.00 1 0.00 149 0.00 0 1 
46615 59719 16 149.00 0.00 1 0.00 149 0.00 0 1 
46615 10030 16 232.40 7500.84 10 0.00 149 88.33 0 1 
46615 11239 16 229.50 6480.25 2 0.00 149 3.45 0 1 
3289 46615 15 62.40 8.64 5 0.00 66 0.29 4 1 
46615 56817 16 234.00 7225.00 2 0.00 149 0.04 0 1 
46615 1036 16 149.00 0.00 1 0.00 149 0.00 0 1 
46615 18485 16 229.50 6480.25 2 0.00 149 0.58 0 1 
3292 46615 15 61.78 3.06 9 0.00 66 2.29 6 1 
46615 26074 16 149.00 0.00 1 0.00 149 0.00 0 1 
46615 25748 16 149.00 0.00 1 0.00 149 0.00 0 1 
3295 512 15 62.00 4.80 5 0.00 66 1.33 2 1 
3298 46615 15 61.67 4.56 6 0.00 66 0.75 4 1 
3302 46615 15 63.33 3.56 3 0.00 66 3.01 0 1 
3305 46615 15 63.33 3.56 3 0.00 66 2.97 0 1 
3309 63360 15 63.33 3.56 3 0.00 66 2.95 0 1 
3311 10546 15 61.67 4.56 6 0.00 66 0.19 3 1 
3314 44444 15 63.33 3.56 3 0.00 66 3.01 0 1 
3317 57917 15 63.00 9.00 4 0.00 66 0.24 3 1 
3320 14512 15 63.33 3.56 3 0.00 66 3.01 0 1 
3323 46615 15 63.00 9.00 4 0.00 66 0.20 3 1 
3326 46615 15 63.00 9.00 4 0.00 66 0.01 3 1 
3329 27034 15 61.67 4.56 6 0.00 66 0.43 3 1 
3333 46615 15 62.00 4.80 5 0.00 66 1.11 2 1 
3336 55171 15 63.33 3.56 3 0.00 66 3.01 0 1 
3340 46615 15 62.00 4.80 5 0.00 66 0.75 2 1 
3343 46615 15 63.33 3.56 3 0.00 66 3.01 0 1 
3346 46615 15 62.00 4.80 5 0.00 66 1.51 2 1 
3349 46615 15 61.67 4.56 6 0.00 66 0.17 3 1 
3352 46615 15 62.40 8.64 5 0.00 66 0.17 4 1 
3355 46615 15 63.33 3.56 3 0.00 66 3.00 0 1 
3358 28661 15 62.40 8.64 5 0.00 66 0.13 4 1 
3361 46615 15 61.67 4.56 6 0.00 66 0.28 3 1 
3364 46615 15 62.00 4.80 5 0.00 66 0.82 3 1 
3367 46615 15 62.50 4.75 4 0.00 66 2.28 1 1 
3370 54321 15 63.33 3.56 3 0.00 66 2.98 0 1 
3373 60543 15 62.00 4.80 5 0.00 66 0.73 2 1 
3376 46615 15 62.00 4.80 5 0.00 66 0.78 2 1 
3380 46615 15 62.67 6.22 3 0.00 66 3.02 1 1 
3387 16418 15 63.33 3.56 3 0.00 66 3.01 0 1 
3390 46615 15 63.33 3.56 3 0.00 66 2.98 0 1 
3393 46615 15 62.00 4.80 5 0.00 66 0.77 2 1 
3396 46615 15 63.33 3.56 3 0.00 66 3.01 0 1 
3399 34964 15 62.86 7.84 7 0.00 66 1.09 5 1 
3402 46615 15 62.00 4.80 5 0.00 66 0.83 3 1 
3406 49523 15 63.33 3.56 3 0.00 66 3.01 0 1 
3409 46615 15 63.33 3.56 3 0.00 66 3.01 0 1 
3412 46615 15 63.33 3.56 3 0.00 66 2.98 0 1 
3415 37068 15 62.00 6.00 4 0.00 66 1.96 2 1 
3418 62870 15 63.33 3.56 3 0.00 66 2.98 0 1 
3421 34589 15 61.67 4.56 6 0.00 66 0.36 3 1 
3424 46615 15 63.00 9.00 4 0.00 66 0.13 3 1 
3427 46615 15 63.33 3.56 3 0.00 66 3.00 0 1 
3434 26392 15 63.33 3.56 3 0.00 66 2.98 0 1 
3438 46615 15 62.00 4.80 5 0.00 66 1.01 3 1 
3440 46615 15 63.33 3.56 3 0.00 66 2.98 0 1 
3444 46615 15 62.00 4.80 5 0.00 66 0.75 3 1 
3447 46615 15 62.40 8.64 5 0.00 66 0.48 4 1 
3450 34590 15 61.67 4.56 6 0.00 66 0.33 3 1 
3454 46615 15 63.33 3.56 3 0.00 66 2.97 0 1 
3458 23776 15 62.00 4.80 5 0.00 66 0.61 3 1 
3461 51764 15 62.40 8.64 5 0.00 66 0.30 4 1 
3465 43087 15 64.00 4.00 2 0.00 66 1.45 0 1 
1475 5173 15 856.79 501128.37 26581 0.27 70 0.11 26580 1 
3470 46615 15 62.00 4.80 5 0.00 66 1.21 3 1 
3474 46615 15 63.33 3.56 3 0.00 66 3.01 0 1 
3477 46615 15 63.33 3.56 3 0.00 66 3.01 0 1 
3480 52523 15 62.00 4.80 5 0.00 66 0.61 3 1 
3483 27987 15 61.67 4.56 6 0.00 66 0.20 3 1 
3486 59413 15 63.33 3.56 3 0.00 66 3.01 0 1 
3489 46615 15 62.00 4.80 5 0.00 66 0.64 3 1 
3492 46615 15 62.00 4.80 5 0.00 66 0.97 3 1 
3495 46615 15 63.00 9.00 4 0.00 66 0.14 3 1 
3498 46615 15 63.33 3.56 3 0.00 66 3.01 0 1 
3501 30488 15 63.00 9.00 4 0.00 66 0.25 3 1 
3505 60884 15 62.00 4.00 6 0.00 66 1.71 4 1 
1476 5511 15 109.55 6487.52 11 0.00 70 0.02 10 1 
3510 58970 15 63.00 9.00 4 0.00 66 0.37 3 1 
3513 46615 15 63.33 3.56 3 0.00 66 3.01 0 1 
3516 46615 15 63.33 3.56 3 0.00 66 2.97 0 1 
3519 38172 15 62.40 8.64 5 0.00 66 0.03 4 1 
3522 46615 15 61.67 4.56 6 0.00 66 0.43 3 1 
3525 46615 15 62.50 4.75 4 0.00 66 1.00 1 1 
3528 46615 15 63.33 3.56 3 0.00 66 3.01 0 1 
3531 46615 15 63.00 9.00 4 0.00 66 0.01 3 1 
3534 46615 15 63.33 3.56 3 0.00 66 3.01 0 1 
3538 46615 15 62.00 4.80 5 0.00 66 0.62 3 1 
3541 11917 15 63.00 9.00 4 0.00 66 0.32 3 1 
3544 46615 15 63.00 9.00 4 0.00 66 0.09 3 1 
3547 46615 15 64.00 4.00 2 0.00 66 4.46 0 1 
3550 23135 15 63.33 3.56 3 0.00 66 2.98 0 1 
3553 46615 15 63.33 3.56 3 0.00 66 3.01 0 1 
3556 46615 15 63.33 3.56 3 0.00 66 2.98 0 1 
3558 23126 15 64.00 4.00 2 0.00 66 4.48 0 1 
3561 46615 15 62.33 7.22 6 0.00 66 1.60 4 1 
3564 46615 15 63.00 9.00 4 0.00 66 0.27 3 1 
3567 46615 15 63.33 3.56 3 0.00 66 2.99 0 1 
3570 46615 15 61.67 4.56 6 0.00 66 0.17 3 1 
3573 46615 15 62.00 4.80 5 0.00 66 1.00 3 1 
3576 13330 15 61.78 5.73 9 0.00 66 1.12 6 1 
3579 46615 15 62.40 8.64 5 0.00 66 0.36 4 1 
3582 46615 15 62.50 4.75 4 0.00 66 0.90 1 1 
3590 32570 15 63.00 9.00 4 0.00 66 0.22 3 1 
3593 46615 15 62.00 4.80 5 0.00 66 0.75 2 1 
3596 46615 15 63.33 3.56 3 0.00 66 3.01 0 1 
3599 46615 15 63.33 3.56 3 0.00 66 2.98 0 1 
3603 46615 15 62.00 4.80 5 0.00 66 0.64 3 1 
3606 50330 15 62.00 4.80 5 0.00 66 0.73 3 1 
3609 22089 15 62.67 6.22 3 0.00 66 1.02 1 1 
3612 46615 15 62.00 4.80 5 0.00 66 0.63 3 1 
3615 46615 15 62.00 4.80 5 0.00 66 0.72 2 1 
3619 10546 15 61.67 4.56 6 0.00 66 0.23 3 1 
3622 46615 15 63.00 9.00 4 0.00 66 0.18 3 1 
3625 48377 15 62.00 4.80 5 0.00 66 0.71 2 1 
3627 46615 15 63.33 3.56 3 0.00 66 2.99 0 1 
3630 46615 15 63.33 3.56 3 0.00 66 3.01 0 1 
3633 46615 15 63.33 3.56 3 0.00 66 3.01 0 1 
3636 46615 15 63.33 3.56 3 0.00 66 2.99 0 1 
3639 46615 15 63.33 3.56 3 0.00 66 2.96 0 1 
3642 46615 15 63.00 9.00 4 0.00 66 0.10 3 1 
3645 46615 15 62.00 4.80 5 0.00 66 0.73 3 1 
3648 46615 15 61.67 4.56 6 0.00 66 0.21 3 1 
3651 46615 15 62.40 8.64 5 0.00 66 0.11 4 1 
3654 46615 15 62.00 4.80 5 0.00 66 0.72 2 1 
3657 46615 15 63.33 3.56 3 0.00 66 2.99 0 1 
3660 46615 15 62.00 4.80 5 0.00 66 1.09 2 1 
3664 46615 15 63.33 3.56 3 0.00 66 2.98 0 1 
3667 54851 15 63.33 3.56 3 0.00 66 2.98 0 1 
3670 46615 15 61.67 4.56 6 0.00 66 0.27 3 1 
3673 53764 15 63.33 3.56 3 0.00 66 3.09 0 1 
1485 5511 15 109.45 6456.25 11 0.00 70 0.03 10 1 
46615 9097 16 205.50 2862.25 2 0.00 152 0.85 0 1 
46615 41077 16 152.00 0.00 1 0.00 152 0.00 0 1 
3680 16314 15 62.00 4.80 5 0.00 66 0.70 2 1 
46615 55060 16 152.00 0.00 1 0.00 152 0.00 0 1 
3683 28091 15 63.33 3.56 3 0.00 66 3.00 0 1 
46615 60051 16 152.00 0.00 1 0.00 152 0.00 0 1 
3684 46615 15 63.33 3.56 3 0.00 66 3.28 0 1 
46615 23591 16 152.00 0.00 1 0.00 152 0.00 0 1 
3686 46615 15 63.33 3.56 3 0.00 66 2.93 0 1 
46615 16001 16 285.50 17822.25 2 0.00 152 0.05 0 1 
3688 46615 15 63.33 3.56 3 0.00 66 2.45 0 1 
3691 53020 15 62.00 4.00 6 0.00 66 1.22 4 1 
3694 46615 15 63.33 3.56 3 0.00 66 2.99 0 1 
3697 23876 15 62.00 4.80 5 0.00 66 1.00 3 1 
3700 46615 15 62.00 4.80 5 0.00 66 0.89 3 1 
3703 46615 15 63.33 3.56 3 0.00 66 3.00 0 1 
3706 46620 15 63.33 3.56 3 0.00 66 2.99 0 1 
3709 46615 15 62.40 8.64 5 0.00 66 0.16 4 1 
3712 55202 15 63.33 3.56 3 0.00 66 2.97 0 1 
3715 46615 15 62.00 4.80 5 0.00 66 0.78 3 1 
3718 46615 15 63.33 3.56 3 0.00 66 3.01 0 1 
3721 46615 15 62.40 8.64 5 0.00 66 0.28 4 1 
3725 46615 15 63.33 3.56 3 0.00 66 2.98 0 1 
3727 49523 15 63.33 3.56 3 0.00 66 2.99 0 1 
3730 46615 15 62.00 4.80 5 0.00 66 0.75 2 1 
3733 37888 15 63.33 3.56 3 0.00 66 3.01 0 1 
3736 46615 15 63.00 9.00 4 0.00 66 0.16 3 1 
3739 46615 15 62.00 4.80 5 0.00 66 0.64 3 1 
3742 25564 15 63.33 3.56 3 0.00 66 2.98 0 1 
3745 46615 15 63.33 3.56 3 0.00 66 3.01 0 1 
3748 46615 15 62.00 4.80 5 0.00 66 0.66 3 1 
3751 46615 15 63.33 3.56 3 0.00 66 2.98 0 1 
3754 46615 15 62.50 4.75 4 0.00 66 2.40 1 1 
3757 46615 15 63.33 3.56 3 0.00 66 3.01 0 1 
3760 10186 15 62.00 4.80 5 0.00 66 0.73 2 1 
3763 4661 15 64.00 8.00 6 0.00 66 1.60 5 1 
3766 46615 15 63.33 3.56 3 0.00 66 2.96 0 1 
3769 11290 15 62.00 4.80 5 0.00 66 0.61 3 1 
3772 56929 15 63.33 3.56 3 0.00 66 3.00 0 1 
3774 29468 15 63.33 3.56 3 0.00 66 3.01 0 1 
3778 46615 15 63.33 3.56 3 0.00 66 2.99 0 1 
3785 26392 15 63.33 3.56 3 0.00 66 2.98 0 1 
3788 5734 15 62.33 7.22 6 0.00 66 0.53 4 1 
3792 46615 15 63.33 3.56 3 0.00 66 2.98 0 1 
3795 46615 15 63.33 3.56 3 0.00 66 2.96 0 1 
3798 15223 15 62.33 7.22 6 0.00 66 0.52 4 1 
3801 46615 15 63.33 3.56 3 0.00 66 3.01 0 1 
3804 46615 15 63.33 3.56 3 0.00 66 2.99 0 1 
3806 22222 15 62.00 6.00 4 0.00 66 0.02 3 1 
3809 40064 15 63.33 3.56 3 0.00 66 3.00 0 1 
3812 46615 15 63.00 9.00 4 0.00 66 0.01 3 1 
3815 46615 15 63.33 3.56 3 0.00 66 3.00 0 1 
3818 46615 15 62.00 4.80 5 0.00 66 4.07 3 1 
3821 16789 15 63.33 3.56 3 0.00 66 2.97 0 1 
3824 46615 15 62.00 4.80 5 0.00 66 0.79 2 1 
3826 46615 15 63.00 9.00 4 0.00 66 0.20 3 1 
3829 36439 15 62.00 4.80 5 0.00 66 0.93 2 1 
3832 19758 15 62.40 8.64 5 0.00 66 0.58 4 1 
3835 46615 15 63.33 3.56 3 0.00 66 3.01 0 1 
3838 46615 15 62.00 4.80 5 0.00 66 0.65 3 1 
3841 28388 15 63.00 9.00 4 0.00 66 0.33 3 1 
3844 46615 15 62.40 8.64 5 0.00 66 0.48 4 1 
3847 30505 15 63.00 9.00 4 0.00 66 0.05 3 1 
3851 46615 15 63.33 3.56 3 0.00 66 2.96 0 1 
3854 46615 15 62.00 4.00 6 0.00 66 1.49 3 1 
3857 27034 15 61.67 4.56 6 0.00 66 0.74 3 1 
3860 55171 15 63.33 3.56 3 0.00 66 3.00 0 1 
3863 46615 15 63.33 3.56 3 0.00 66 3.00 0 1 
3866 46615 15 63.33 3.56 3 0.00 66 3.01 0 1 
3869 46615 15 61.67 4.56 6 0.00 66 0.17 3 1 
3872 46615 15 63.33 3.56 3 0.00 66 3.01 0 1 
3875 4662 15 61.67 4.56 6 0.00 66 0.39 3 1 
3879 46615 15 62.00 4.00 6 0.00 66 1.68 3 1 
3883 46615 15 63.33 3.56 3 0.00 66 2.99 0 1 
3885 46615 15 61.67 4.56 6 0.00 66 0.18 3 1 
3888 46615 15 63.00 9.00 4 0.00 66 0.14 3 1 
3891 46615 15 63.33 3.56 3 0.00 66 2.99 0 1 
3894 46615 15 63.33 3.56 3 0.00 66 2.98 0 1 
3897 46615 15 63.33 3.56 3 0.00 66 3.03 0 1 
3901 31393 15 61.67 4.56 6 0.00 66 0.32 3 1 
3907 31765 15 63.33 3.56 3 0.00 66 2.98 0 1 
3910 54220 15 62.00 4.80 5 0.00 66 1.00 3 1 
3913 58871 15 62.40 8.64 5 0.00 66 1.32 4 1 
3917 18773 15 62.00 4.00 6 0.00 66 1.60 3 1 
3921 46615 15 63.33 3.56 3 0.00 66 3.01 0 1 
3926 46615 15 63.33 3.56 3 0.00 66 2.98 0 1 
3929 26392 15 63.33 3.56 3 0.00 66 3.01 0 1 
3933 46615 15 63.33 3.56 3 0.00 66 2.95 0 1 
1496 5511 15 106.25 6062.69 12 0.00 70 0.02 11 1 
3938 46615 15 63.33 3.56 3 0.00 66 3.01 0 1 
3941 46615 15 62.00 4.80 5 0.00 66 0.79 2 1 
3944 46615 15 63.33 3.56 3 0.00 66 3.00 0 1 
3947 46615 15 62.00 4.80 5 0.00 66 0.80 2 1 
3950 12537 15 63.33 3.56 3 0.00 66 2.95 0 1 
3953 46615 15 63.33 3.56 3 0.00 66 2.98 0 1 
3956 52207 15 63.33 3.56 3 0.00 66 2.96 0 1 
15610 51180 16 88.00 0.00 1 0.00 88 0.00 0 1 
15610 9999 16 88.00 0.00 1 0.00 88 0.00 0 1 
15610 20181 16 236.50 7350.75 4 0.00 88 0.04 0 1 
1656 8149 15 218.41 120689.01 1372 0.01 66 1.75 1371 1 
1659 30171 15 93.64 10654.41 11 0.00 66 0.35 9 1 
15610 8149 16 69.00 0.00 1 0.00 69 0.00 0 1 
1663 51517 15 112.86 15726.69 7 0.00 66 0.45 5 1 
1664 26789 15 66.00 0.00 1 0.00 66 0.00 0 1 
1667 44470 15 66.00 0.00 1 0.00 66 0.00 0 1 
15610 40248 16 69.00 0.00 1 0.00 69 0.00 0 1 
15610 26151 16 69.00 0.00 1 0.00 69 0.00 0 1 
3967 46615 15 62.40 8.64 5 0.00 66 0.15 4 1 
3970 6881 15 61.67 4.56 6 0.00 66 0.36 3 1 
3973 33156 15 63.33 3.56 3 0.00 66 2.98 0 1 
3976 46615 15 63.33 3.56 3 0.00 66 2.98 0 1 
3979 46615 15 63.33 3.56 3 0.00 66 2.99 0 1 
3982 46615 15 63.33 3.56 3 0.00 66 3.01 0 1 
3984 46615 15 63.33 3.56 3 0.00 66 3.01 0 1 
3988 41135 15 63.33 3.56 3 0.00 66 3.01 0 1 
3992 22096 15 63.33 3.56 3 0.00 66 3.01 0 1 
3995 46615 15 62.00 4.80 5 0.00 66 0.79 2 1 
3998 46615 15 61.67 4.56 6 0.00 66 0.17 3 1 
4005 46615 15 63.33 3.56 3 0.00 66 2.99 0 1 
4008 45543 15 63.00 9.00 4 0.00 66 0.33 3 1 
4012 46615 15 62.00 4.80 5 0.00 66 0.61 3 1 
4015 46615 15 63.33 3.56 3 0.00 66 2.96 0 1 
4018 21796 15 64.00 4.00 2 0.00 66 1.51 0 1 
4022 46615 15 62.40 8.64 5 0.00 66 0.08 4 1 
4025 46615 15 63.33 3.56 3 0.00 66 2.98 0 1 
4028 46615 15 62.00 4.80 5 0.00 66 0.89 3 1 
4032 62325 15 62.00 4.80 5 0.00 66 0.75 3 1 
4035 46615 15 63.33 3.56 3 0.00 66 2.97 0 1 
4038 13222 15 62.40 8.64 5 0.00 66 0.28 4 1 
4041 46615 15 62.00 4.80 5 0.00 66 0.63 3 1 
4044 46615 15 62.00 4.80 5 0.00 66 0.73 3 1 
4048 46615 15 63.33 3.56 3 0.00 66 2.99 0 1 
4051 13701 15 63.33 3.56 3 0.00 66 3.00 0 1 
4055 4242 15 63.33 3.56 3 0.00 66 3.01 0 1 
4059 32385 15 63.60 8.64 5 0.00 66 1.11 4 1 
4064 46615 15 63.33 3.56 3 0.00 66 3.00 0 1 
4068 46615 15 63.33 3.56 3 0.00 66 3.01 0 1 
4072 32341 15 63.33 3.56 3 0.00 66 3.01 0 1 
4075 46615 15 62.40 8.64 5 0.00 66 0.74 4 1 
46615 20001 16 149.00 0.00 1 0.00 149 0.00 0 1 
46615 18038 16 149.00 0.00 1 0.00 149 0.00 0 1 
46615 25768 16 229.50 6480.25 2 0.00 149 8.03 0 1 
46615 6881 16 149.00 0.00 1 0.00 149 0.00 0 1 
46615 12535 16 229.50 6480.25 2 0.00 149 0.89 0 1 
46615 7655 16 228.50 6644.25 4 0.00 149 206.60 0 1 
46615 50524 16 149.00 0.00 1 0.00 149 0.00 0 1 
46615 6881 16 233.00 7398.00 4 0.00 149 207.52 0 1 
46615 16001 16 149.00 0.00 1 0.00 149 0.00 0 1 
46615 50478 16 149.00 0.00 1 0.00 149 0.00 0 1 
46615 7756 16 149.00 0.00 1 0.00 149 0.00 0 1 
46615 41773 16 204.33 6576.89 3 0.00 149 276.01 0 1 
46615 15601 16 229.50 6480.25 2 0.00 149 0.22 0 1 
46615 26225 16 149.00 0.00 1 0.00 149 0.00 0 1 
46615 61400 16 233.00 7398.00 4 0.00 149 207.88 0 1 
46615 39912 16 233.00 7398.00 4 0.00 149 207.53 0 1 
46615 26429 16 149.00 0.00 1 0.00 149 0.00 0 1 
46615 55610 16 149.00 0.00 1 0.00 149 0.00 0 1 
46615 64000 16 149.00 0.00 1 0.00 149 0.00 0 1 
46615 56119 16 229.50 6480.25 2 0.00 149 0.06 0 1 
46615 51621 16 149.00 0.00 1 0.00 149 0.00 0 1 
46615 24439 16 149.00 0.00 1 0.00 149 0.00 0 1 
46615 21 16 149.00 0.00 1 0.00 149 0.00 0 1 
46615 64432 16 149.00 0.00 1 0.00 149 0.00 0 1 
46615 42502 16 149.00 0.00 1 0.00 149 0.00 0 1 
46615 52495 16 149.00 0.00 1 0.00 149 0.00 0 1 
46615 51693 16 149.00 0.00 1 0.00 149 0.00 0 1 
46615 50742 16 149.00 0.00 1 0.00 149 0.00 0 1 
46615 26796 16 149.00 0.00 1 0.00 149 0.00 0 1 
46615 14981 16 229.50 6480.25 2 0.00 149 0.12 0 1 
46615 11577 16 234.00 7225.00 2 0.00 149 0.75 0 1 
46615 10869 16 229.50 6480.25 2 0.00 149 0.18 0 1 
46615 24311 16 149.00 0.00 1 0.00 149 0.00 0 1 
46615 13223 16 229.50 6480.25 2 0.00 149 1.81 0 1 
46615 10005 16 234.00 7225.00 2 0.00 149 0.14 0 1 
46615 10143 16 232.67 7455.22 6 0.00 149 139.41 0 1 
46615 9515 16 147.00 4.00 2 0.00 149 426.81 0 1 
46615 61467 16 149.00 0.00 1 0.00 149 0.00 0 1 
46615 17771 16 149.00 0.00 1 0.00 149 0.00 0 1 
46615 19882 16 149.00 0.00 1 0.00 149 0.00 0 1 
46615 27875 16 149.00 0.00 1 0.00 149 0.00 0 1 
46615 38097 16 233.00 7398.00 4 0.00 149 205.96 0 1 
46615 50619 16 149.00 0.00 1 0.00 149 0.00 0 1 
46615 12308 16 229.50 6480.25 2 0.00 149 1.39 0 1 
46615 63276 16 149.00 0.00 1 0.00 149 0.00 0 1 
46615 64059 16 149.00 0.00 1 0.00 149 0.00 0 1 
46615 16001 16 149.00 0.00 1 0.00 149 0.00 0 1 
46615 36141 16 149.00 0.00 1 0.00 149 0.00 0 1 
46615 29776 16 149.00 0.00 1 0.00 149 0.00 0 1 
46615 16361 16 149.00 0.00 1 0.00 149 0.00 0 1 
46615 60019 16 149.00 0.00 1 0.00 149 0.00 0 1 
46615 11654 16 229.50 6480.25 2 0.00 149 2.64 0 1 
46615 37903 16 234.00 7225.00 2 0.00 149 1.49 0 1 
46615 12530 16 149.00 0.00 1 0.00 149 0.00 0 1 
46615 57222 16 149.00 0.00 1 0.00 149 0.00 0 1 
46615 27408 16 229.50 6480.25 2 0.00 149 0.26 0 1 
46615 14238 16 229.50 6480.25 2 0.00 149 0.06 0 1 
46615 6881 16 149.00 0.00 1 0.00 149 0.00 0 1 
46615 39205 16 149.00 0.00 1 0.00 149 0.00 0 1 
46615 16881 16 149.00 0.00 1 0.00 149 0.00 0 1 
46615 23541 16 244.50 9120.25 2 0.00 149 1.39 0 1 
46615 64029 16 149.00 0.00 1 0.00 149 0.00 0 1 
46615 21600 16 234.00 7225.00 2 0.00 149 0.27 0 1 
46615 55555 16 149.00 0.00 1 0.00 149 0.00 0 1 
46615 24115 16 149.00 0.00 1 0.00 149 0.00 0 1 
46615 16326 16 149.00 0.00 1 0.00 149 0.00 0 1 
46615 23374 16 149.00 0.00 1 0.00 149 0.00 0 1 
46615 37344 16 149.00 0.00 1 0.00 149 0.00 0 1 
46615 63130 16 149.00 0.00 1 0.00 149 0.00 0 1 
46615 24865 16 149.00 0.00 1 0.00 149 0.00 0 1 
46615 53153 16 149.00 0.00 1 0.00 149 0.00 0 1 
46615 49494 16 233.00 7398.00 4 0.00 149 208.82 0 1 
46615 27106 16 149.00 0.00 1 0.00 149 0.00 0 1 
46615 16881 16 149.00 0.00 1 0.00 149 0.00 0 1 
4101 46615 15 62.00 4.80 5 0.00 66 0.64 3 1 
46615 19990 16 149.00 0.00 1 0.00 149 0.00 0 1 
46615 4444 16 149.00 0.00 1 0.00 149 0.00 0 1 
46615 18573 16 149.00 0.00 1 0.00 149 0.00 0 1 
15610 30909 16 117.00 4.00 2 0.00 119 3.17 0 1 
46615 7519 16 149.00 0.00 1 0.00 149 0.00 0 1 
46615 8117 16 234.00 7225.00 2 0.00 149 0.20 0 1 
46615 11977 16 149.00 0.00 1 0.00 149 0.00 0 1 
46615 61713 16 149.00 0.00 1 0.00 149 0.00 0 1 
46615 14219 16 149.00 0.00 1 0.00 149 0.00 0 1 
46615 50009 16 149.00 0.00 1 0.00 149 0.00 0 1 
1504 5511 15 109.64 6514.78 11 0.00 70 0.04 10 1 
46615 22028 16 149.00 0.00 1 0.00 149 0.00 0 1 
46615 22554 16 149.00 0.00 1 0.00 149 0.00 0 1 
46615 11114 16 149.00 0.00 1 0.00 149 0.00 0 1 
46615 16001 16 149.00 0.00 1 0.00 149 0.00 0 1 
46615 17784 16 229.50 6480.25 2 0.00 149 10.68 0 1 
46615 16001 16 149.00 0.00 1 0.00 149 0.00 0 1 
46615 6881 16 149.00 0.00 1 0.00 149 0.00 0 1 
4105 63190 15 63.33 3.56 3 0.00 66 2.98 0 1 
4106 46615 15 63.33 3.56 3 0.00 66 2.97 0 1 
46615 60996 16 149.00 0.00 1 0.00 149 0.00 0 1 
46615 18542 16 234.00 7225.00 2 0.00 149 0.56 0 1 
1670 30909 15 106.44 9925.00 16 0.00 66 0.26 14 1 
46615 61997 16 149.00 0.00 1 0.00 149 0.00 0 1 
46615 15753 16 234.00 7225.00 2 0.00 149 0.44 0 1 
46615 1022 16 149.00 0.00 1 0.00 149 0.00 0 1 
46615 22893 16 149.00 0.00 1 0.00 149 0.00 0 1 
46615 19373 16 149.00 0.00 1 0.00 149 0.00 0 1 
46615 26165 16 229.50 6480.25 2 0.00 149 0.17 0 1 
46615 10832 16 149.00 0.00 1 0.00 149 0.00 0 1 
46615 29713 16 244.50 9120.25 2 0.00 149 0.27 0 1 
46615 8143 16 149.00 0.00 1 0.00 149 0.00 0 1 
4108 46615 15 62.00 4.80 5 0.00 66 1.29 3 1 
15610 50404 16 75.00 0.00 1 0.00 75 0.00 0 1 
4114 34001 15 63.00 9.00 4 0.00 66 0.03 3 1 
4118 46615 15 63.00 9.00 4 0.00 66 0.01 3 1 
4122 46615 15 63.33 3.56 3 0.00 66 3.00 0 1 
4126 46615 15 63.33 3.56 3 0.00 66 3.00 0 1 
4130 37386 15 63.33 3.56 3 0.00 66 2.99 0 1 
4134 46615 15 62.40 8.64 5 0.00 66 0.43 4 1 
4138 27564 15 63.33 3.56 3 0.00 66 2.95 0 1 
4141 54321 15 63.33 3.56 3 0.00 66 3.01 0 1 
4147 46615 15 62.00 4.00 6 0.00 66 1.55 4 1 
4152 46615 15 63.33 3.56 3 0.00 66 3.01 0 1 
4159 46615 15 62.00 4.80 5 0.00 66 1.05 2 1 
4162 46615 15 63.33 3.56 3 0.00 66 3.00 0 1 
4165 46615 15 63.33 3.56 3 0.00 66 2.98 0 1 
1505 5511 15 109.64 6514.78 11 0.00 70 0.03 10 1 
4172 46615 15 63.33 3.56 3 0.00 66 2.98 0 1 
4179 54081 15 63.33 3.56 3 0.00 66 3.00 0 1 
4183 46615 15 63.00 9.00 4 0.00 66 0.16 3 1 
4187 50791 15 62.00 4.80 5 0.00 66 0.95 2 1 
4190 46615 15 63.33 3.56 3 0.00 66 3.00 0 1 
4194 46615 15 62.00 4.80 5 0.00 66 0.75 2 1 
4198 64282 15 64.00 4.00 2 0.00 66 1.47 0 1 
4202 40152 15 63.33 3.56 3 0.00 66 3.01 0 1 
4206 61764 15 63.33 3.56 3 0.00 66 3.00 0 1 
4210 46615 15 61.67 4.56 6 0.00 66 0.37 3 1 
4213 53181 15 63.33 3.56 3 0.00 66 3.01 0 1 
4217 46615 15 63.33 3.56 3 0.00 66 3.01 0 1 
4221 46615 15 63.33 3.56 3 0.00 66 3.01 0 1 
4225 46615 15 63.33 3.56 3 0.00 66 3.01 0 1 
4231 46615 15 63.33 3.56 3 0.00 66 3.01 0 1 
4234 63966 15 63.33 3.56 3 0.00 66 2.98 0 1 
4237 10186 15 62.00 4.80 5 0.00 66 0.76 2 1 
4245 46615 15 63.33 3.56 3 0.00 66 2.97 0 1 
4249 46615 15 63.33 3.56 3 0.00 66 2.98 0 1 
4254 20676 15 63.33 3.56 3 0.00 66 3.00 0 1 
4259 46615 15 63.33 3.56 3 0.00 66 2.98 0 1 
4263 46615 15 63.33 3.56 3 0.00 66 3.01 0 1 
4270 10004 15 63.33 3.56 3 0.00 66 3.01 0 1 
4274 46615 15 63.33 3.56 3 0.00 66 3.02 0 1 
4277 29580 15 63.33 3.56 3 0.00 66 2.94 0 1 
4281 46615 15 61.67 4.56 6 0.00 66 0.37 3 1 
4284 32091 15 62.00 4.80 5 0.00 66 0.93 2 1 
4287 55311 15 63.33 3.56 3 0.00 66 3.01 0 1 
4290 26392 15 63.33 3.56 3 0.00 66 3.01 0 1 
4293 55809 15 63.33 3.56 3 0.00 66 2.99 0 1 
15610 46618 16 100.50 650.25 2 0.00 75 0.07 0 1 
4298 46615 15 63.33 3.56 3 0.00 66 2.98 0 1 
4303 19108 15 63.33 3.56 3 0.00 66 2.97 0 1 
4306 29773 15 62.00 4.00 6 0.00 66 1.92 4 1 
4312 46615 15 63.33 3.56 3 0.00 66 3.01 0 1 
4316 6969 15 62.00 6.00 4 0.00 66 0.13 3 1 
4319 46615 15 63.33 3.56 3 0.00 66 3.01 0 1 
4322 46615 15 63.33 3.56 3 0.00 66 3.01 0 1 
4325 64958 15 63.33 3.56 3 0.00 66 2.98 0 1 
4328 46615 15 63.33 3.56 3 0.00 66 3.01 0 1 
4331 46615 15 62.00 4.80 5 0.00 66 0.72 2 1 
4334 46615 15 63.33 3.56 3 0.00 66 3.01 0 1 
4337 46615 15 63.33 3.56 3 0.00 66 2.98 0 1 
4340 46615 15 63.33 3.56 3 0.00 66 3.01 0 1 
4344 51781 15 63.33 3.56 3 0.00 66 2.98 0 1 
4347 46615 15 63.00 9.00 4 0.00 66 0.21 3 1 
4351 46615 15 62.50 4.75 4 0.00 66 0.93 1 1 
4354 32372 15 63.33 3.56 3 0.00 66 3.00 0 1 
15610 23976 16 100.50 650.25 2 0.00 75 0.08 0 1 
4360 39477 15 62.00 4.80 5 0.00 66 1.46 2 1 
4365 46615 15 62.00 4.80 5 0.00 66 0.79 2 1 
4368 46615 15 63.33 3.56 3 0.00 66 2.95 0 1 
4374 46615 15 62.50 4.75 4 0.00 66 1.66 1 1 
4378 46615 15 63.33 3.56 3 0.00 66 3.01 0 1 
15610 2843 16 119.00 0.00 1 0.00 119 0.00 0 1 
15610 9277 16 220.50 10302.25 2 0.00 119 0.17 0 1 
1671 9277 15 917.04 460569.66 2767 0.03 66 0.20 2765 1 
1673 7554 15 819.01 481902.57 6016 0.06 66 0.08 6015 1 
4381 46615 15 63.33 3.56 3 0.00 66 2.98 0 1 
15610 31703 16 142.00 0.00 1 0.00 142 0.00 0 1 
15610 27209 16 119.00 0.00 1 0.00 119 0.00 0 1 
15610 30968 16 579.00 213446.00 4 0.00 119 2.40 0 1 
4383 56929 15 63.33 3.56 3 0.00 66 3.01 0 1 
4387 46615 15 63.33 3.56 3 0.00 66 2.98 0 1 
1678 30968 15 63.33 3.56 3 0.00 66 2.95 0 1 
1680 24748 15 188.73 96332.38 11 0.00 66 1.33 9 1 
15610 6756 16 142.00 0.00 1 0.00 142 0.00 0 1 
15610 6348 16 119.00 0.00 1 0.00 119 0.00 0 1 
15610 31670 16 119.00 0.00 1 0.00 119 0.00 0 1 
4391 46615 15 62.40 8.64 5 0.00 66 0.31 4 1 
4394 46615 15 62.33 7.22 6 0.00 66 0.55 4 1 
4396 38222 15 63.00 9.00 4 0.00 66 0.02 3 1 
4400 10399 15 63.33 3.56 3 0.00 66 3.01 0 1 
4404 62280 15 63.33 3.56 3 0.00 66 3.01 0 1 
15610 6346 16 142.00 0.00 1 0.00 142 0.00 0 1 
15610 20061 16 119.00 0.00 1 0.00 119 0.00 0 1 
15610 6346 16 119.00 0.00 1 0.00 119 0.00 0 1 
15610 9461 16 119.00 0.00 1 0.00 119 0.00 0 1 
15610 6346 16 142.00 0.00 1 0.00 142 0.00 0 1 
15610 7295 16 142.00 0.00 1 0.00 142 0.00 0 1 
15610 7429 16 142.00 0.00 1 0.00 142 0.00 0 1 
15610 10741 16 142.00 0.00 1 0.00 142 0.00 0 1 
15610 45800 16 142.00 0.00 1 0.00 142 0.00 0 1 
15610 10152 16 216.00 5476.00 2 0.00 142 0.12 0 1 
15610 3417 16 363.00 59536.00 2 0.00 119 0.36 0 1 
1685 3252 15 92.17 4519.14 12 0.00 66 0.83 10 1 
4411 46615 15 63.33 3.56 3 0.00 66 3.01 0 1 
4414 46615 15 61.67 4.56 6 0.00 66 0.27 3 1 
4415 46615 15 63.33 3.56 3 0.00 66 3.01 0 1 
4419 46615 15 62.40 8.64 5 0.00 66 0.13 4 1 
4424 46615 15 63.33 3.56 3 0.00 66 2.99 0 1 
1687 19147 15 90.45 4499.88 11 0.00 66 0.86 9 1 
4429 46615 15 62.00 4.80 5 0.00 66 0.87 2 1 
4431 46615 15 63.33 3.56 3 0.00 66 3.00 0 1 
4440 46615 15 63.33 3.56 3 0.00 66 2.99 0 1 
4443 46615 15 62.50 7.75 8 0.00 66 0.86 6 1 
4445 46615 15 64.00 4.00 2 0.00 66 4.49 0 1 
4448 46615 15 63.33 3.56 3 0.00 66 3.01 0 1 
1901 33434 16 60.00 0.00 1 0.00 60 0.00 0 1 
4453 46615 15 63.33 3.56 3 0.00 66 3.01 0 1 
4456 46615 15 64.00 8.00 3 0.00 66 0.11 2 1 
4460 46615 15 62.00 4.80 5 0.00 66 0.74 2 1 
4466 46615 15 62.33 3.22 6 0.00 66 1.95 4 1 
4470 46615 15 62.00 8.00 3 0.00 66 0.07 2 1 
4474 32305 15 61.67 4.56 6 0.00 66 0.22 3 1 
4479 46615 15 62.00 4.80 5 0.00 66 0.63 3 1 
4482 46615 15 61.67 4.56 6 0.00 66 0.17 3 1 
4492 46615 15 63.33 3.56 3 0.00 66 3.00 0 1 
4497 46615 15 63.33 3.56 3 0.00 66 3.00 0 1 
4501 55860 15 63.33 3.56 3 0.00 66 3.01 0 1 
4504 32372 15 63.33 3.56 3 0.00 66 3.01 0 1 
4508 46615 15 61.67 4.56 6 0.00 66 0.32 3 1 
4512 22096 15 63.33 3.56 3 0.00 66 2.98 0 1 
4516 46615 15 63.33 3.56 3 0.00 66 3.01 0 1 
4525 56388 15 62.33 7.22 6 0.00 66 0.59 4 1 
4527 51433 15 62.00 4.80 5 0.00 66 0.65 3 1 
4531 46615 15 62.00 3.43 7 0.00 66 1.83 5 1 
4535 46615 15 62.50 4.75 4 0.00 66 0.90 1 1 
4539 46615 15 63.33 3.56 3 0.00 66 3.01 0 1 
4542 46615 15 63.33 3.56 3 0.00 66 3.01 0 1 
4545 46615 15 62.40 8.64 5 0.00 66 0.15 4 1 
4549 46615 15 61.67 4.56 6 0.00 66 0.26 3 1 
4552 46615 15 62.00 4.80 5 0.00 66 0.67 3 1 
4562 6969 15 62.00 6.00 4 0.00 66 0.09 3 1 
4565 39452 15 62.00 4.80 5 0.00 66 0.72 2 1 
4567 46615 15 63.33 3.56 3 0.00 66 2.98 0 1 
4570 63299 15 63.33 3.56 3 0.00 66 3.01 0 1 
4573 16000 15 62.00 6.00 4 0.00 66 0.09 3 1 
1898 4665 11 60.00 0.00 1 0.00 60 0.00 0 1 
4578 46615 15 62.00 4.80 5 0.00 66 0.73 3 1 
4581 11290 15 63.33 3.56 3 0.00 66 3.00 0 1 
4583 46615 15 63.33 3.56 3 0.00 66 3.00 0 1 
1898 4665 11 60.00 0.00 1 0.00 60 0.00 0 1 
4587 52523 15 63.33 3.56 3 0.00 66 3.01 0 1 
1898 4246 16 75.20 450.56 5 0.00 60 15.59 0 1 
4592 46615 15 63.00 9.00 4 0.00 66 0.36 3 1 
1898 4246 16 60.00 0.00 1 0.00 60 0.00 0 1 
4596 46615 15 63.33 3.56 3 0.00 66 3.01 0 1 
4598 46615 15 63.33 3.56 3 0.00 66 2.98 0 1 
4600 46615 15 63.00 9.00 4 0.00 66 0.09 3 1 
1898 3725 16 60.00 0.00 1 0.00 60 0.00 0 1 
4605 46615 15 62.00 6.00 4 0.00 66 1.83 2 1 
4607 34406 15 62.40 8.64 5 0.00 66 1.43 4 1 
4610 27723 15 63.33 3.56 3 0.00 66 2.98 0 1 
4612 46615 15 62.00 4.80 5 0.00 66 0.73 2 1 
4614 46615 15 63.33 3.56 3 0.00 66 3.01 0 1 
4617 46615 15 62.00 4.80 5 0.00 66 0.71 2 1 
4620 46615 15 62.00 4.80 5 0.00 66 0.63 3 1 
15610 26583 16 107.00 1024.00 2 0.00 75 0.32 0 1 
4624 46615 15 63.33 3.56 3 0.00 66 3.01 0 1 
4627 31080 15 62.00 4.80 5 0.00 66 1.80 3 1 
4629 57917 15 63.00 9.00 4 0.00 66 0.26 3 1 
4632 46615 15 61.67 4.56 6 0.00 66 0.17 3 1 
4635 46615 15 63.33 3.56 3 0.00 66 3.00 0 1 
4637 46615 15 62.00 4.80 5 0.00 66 0.92 3 1 
4639 46615 15 63.00 9.00 4 0.00 66 0.22 3 1 
1898 4325 16 60.00 0.00 1 0.00 60 0.00 0 1 
4644 46615 15 63.33 3.56 3 0.00 66 3.01 0 1 
4646 6969 15 62.00 6.00 4 0.00 66 0.12 3 1 
4649 46615 15 63.33 3.56 3 0.00 66 2.98 0 1 
4651 46615 15 63.00 9.00 4 0.00 66 0.15 3 1 
4654 46615 15 63.33 3.56 3 0.00 66 2.97 0 1 
1898 4665 11 60.00 0.00 1 0.00 60 0.00 0 1 
1911 4662 15 86.22 1203.56 23 0.00 66 2.10 21 1 
1914 4662 15 94.56 2058.65 25 0.00 66 1.88 24 1 
1917 15383 15 98.83 2448.47 18 0.00 66 2.50 16 1 
10883 4672 11 127.60 11043.64 10 0.00 81 37.99 0 1 
10883 4672 11 112.50 6301.25 10 0.00 81 123.43 0 1 
10883 4662 16 86.00 1035.75 8 0.00 81 151.70 0 1 
10883 4672 11 92.80 1237.76 10 0.00 81 121.35 0 1 
10883 4672 11 264.00 138487.67 6 0.00 81 199.23 0 1 
1921 16861 15 89.30 1057.26 23 0.00 66 1.99 21 1 
1924 7562 15 88.14 1140.69 21 0.00 66 2.93 19 1 
1898 2801 16 84.00 529.00 2 0.00 61 0.02 0 1 
10883 39179 16 81.00 0.00 1 0.00 81 0.00 0 1 
1927 12050 15 96.05 1392.95 22 0.00 66 1.98 21 1 
1930 4928 15 92.07 1936.36 27 0.00 66 1.75 26 1 
1932 38322 15 95.95 1477.09 21 0.00 66 2.20 20 1 
1934 43117 15 86.48 1209.12 23 0.00 66 1.96 21 1 
1937 4662 15 92.00 2293.00 26 0.00 66 2.56 25 1 
1898 4673 16 82.50 462.25 2 0.00 61 0.02 0 1 
4663 62325 15 62.00 4.80 5 0.00 66 0.66 3 1 
1942 4700 15 63.33 3.56 3 0.00 66 2.98 0 1 
1943 52436 15 92.95 1361.65 20 0.00 66 2.28 19 1 
1944 45760 15 118.80 2079.36 10 0.00 66 9.29 9 1 
1947 47614 15 87.68 1230.76 22 0.00 66 2.01 20 1 
1898 4500 1 81.50 420.25 2 0.00 61 0.04 0 1 
4668 46615 15 62.00 4.80 5 0.00 66 1.10 3 1 
1950 62966 15 63.33 3.56 3 0.00 66 2.98 0 1 
1953 4662 15 61.67 4.56 6 0.00 66 0.25 3 1 
1898 4256 16 107.00 2209.00 2 0.00 60 0.02 0 1 
4673 19108 15 63.33 3.56 3 0.00 66 3.01 0 1 
1957 45296 15 88.24 1151.51 21 0.00 66 2.35 19 1 
1898 4256 16 87.00 729.00 2 0.00 60 0.02 0 1 
1960 6662 15 93.16 1664.77 25 0.00 66 1.77 23 1 
1898 4458 16 89.50 870.25 2 0.00 60 0.10 0 1 
10883 63279 16 109.00 3513.50 4 0.00 81 206.63 0 1 
4677 46615 15 61.67 4.56 6 0.00 66 0.42 3 1 
1965 23143 15 63.33 3.56 3 0.00 66 2.98 0 1 
4680 26378 15 63.33 3.56 3 0.00 66 2.97 0 1 
4681 34940 15 63.33 3.56 3 0.00 66 3.01 0 1 
4683 46615 15 63.33 3.56 3 0.00 66 2.98 0 1 
4687 46615 15 63.33 3.56 3 0.00 66 2.98 0 1 
1969 4664 15 63.33 3.56 3 0.00 66 2.98 0 1 
4689 27564 15 63.33 3.56 3 0.00 66 3.01 0 1 
4691 46615 15 64.00 4.00 2 0.00 66 4.48 0 1 
1972 4662 15 61.67 4.56 6 0.00 66 0.18 3 1 
4693 53020 15 63.33 3.56 3 0.00 66 3.01 0 1 
1975 4662 15 89.59 1325.97 22 0.00 66 2.05 21 1 
1977 55555 15 63.33 3.56 3 0.00 66 2.98 0 1 
1898 9554 16 99.00 1521.00 2 0.00 60 0.10 0 1 
4696 4662 15 61.67 4.56 6 0.00 66 0.45 3 1 
1980 5815 15 63.33 3.56 3 0.00 66 2.98 0 1 
1983 37973 15 84.48 1093.69 25 0.00 66 1.76 23 1 
4698 46615 15 62.50 4.75 4 0.00 66 1.67 1 1 
1984 7561 15 91.05 1760.35 20 0.00 66 2.36 18 1 
1985 37787 15 63.33 3.56 3 0.00 66 2.98 0 1 
1898 5012 16 85.50 462.25 2 0.00 64 0.03 0 1 
1988 4662 15 92.13 1352.03 23 0.00 66 2.06 21 1 
10883 20751 16 69.67 64.22 3 0.00 81 110.22 0 1 
4704 46615 15 63.33 3.56 3 0.00 66 2.98 0 1 
4706 39999 15 61.67 4.56 6 0.00 66 0.27 3 1 
4707 46615 15 62.00 4.80 5 0.00 66 1.03 3 1 
1994 4662 15 63.33 3.56 3 0.00 66 2.98 0 1 
1996 34361 15 63.33 3.56 3 0.00 66 2.98 0 1 
1997 62052 15 63.33 3.56 3 0.00 66 2.97 0 1 
1898 4673 16 85.00 400.00 2 0.00 65 0.02 0 1 
4713 52207 15 63.33 3.56 3 0.00 66 3.01 0 1 
10883 4386 16 159.67 15585.56 6 0.00 81 38.38 0 1 
10883 4672 11 160.33 15477.56 3 0.00 81 80.33 0 1 
10883 36198 16 162.33 15110.89 6 0.00 81 62.06 0 1 
10883 6981 16 124.40 11240.24 5 0.00 81 72.73 0 1 
4714 55860 15 63.33 3.56 3 0.00 66 3.01 0 1 
1898 554 16 89.00 841.00 2 0.00 60 0.03 0 1 
10883 7560 16 72.50 72.25 2 0.00 81 148.20 0 1 
10883 3809 16 72.50 72.25 2 0.00 81 207.79 0 1 
10883 4672 11 136.25 13348.19 4 0.00 81 28.59 0 1 
4717 46615 15 63.33 3.56 3 0.00 66 3.01 0 1 
2005 4662 15 90.77 1742.10 26 0.00 66 1.86 25 1 
4718 46615 15 63.00 9.00 4 0.00 66 0.02 3 1 
2007 4662 15 63.33 3.56 3 0.00 66 2.98 0 1 
10883 12599 16 72.50 72.25 2 0.00 81 114.66 0 1 
2009 15862 15 87.80 1283.26 20 0.00 66 2.18 19 1 
2011 5662 15 88.65 1080.23 23 0.00 66 1.84 22 1 
4723 29580 15 63.33 3.56 3 0.00 66 3.01 0 1 
10883 56637 16 159.67 15585.56 6 0.00 81 69.17 0 1 
10883 1755 5 80.00 368.50 4 0.00 81 150.52 0 1 
10883 4672 11 71.33 50.89 3 0.00 81 30.59 0 1 
10883 1756 16 68.00 0.00 1 0.00 68 0.00 0 1 
10883 4672 11 159.33 15639.22 12 0.00 81 53.62 0 1 
1898 4333 16 80.00 400.00 2 0.00 60 0.02 0 1 
2021 4662 15 96.54 1920.83 24 0.00 66 1.80 23 1 
4727 49523 15 64.00 4.00 2 0.00 66 1.50 0 1 
10883 28622 16 70.75 39.19 4 0.00 81 40.15 0 1 
10883 59441 16 116.50 9673.58 6 0.00 81 55.77 0 1 
10883 4672 11 84.00 288.50 4 0.00 81 66.43 0 1 
10883 4672 11 69.40 38.64 5 0.00 81 77.44 0 1 
10883 4674 16 162.33 15110.89 6 0.00 81 49.33 0 1 
4731 46615 15 62.00 4.00 6 0.00 66 2.10 4 1 
10883 4672 11 69.67 64.22 3 0.00 81 97.30 0 1 
2027 47697 15 91.20 1277.76 20 0.00 66 2.17 19 1 
10883 1766 16 136.25 13348.19 4 0.00 81 20.57 0 1 
1898 6680 16 90.50 930.25 2 0.00 60 0.03 0 1 
10883 14672 16 116.50 9673.58 6 0.00 81 35.25 0 1 
10883 20843 16 89.40 1328.24 5 0.00 81 111.62 0 1 
10883 5110 16 122.17 9391.81 6 0.00 81 57.96 0 1 
4740 46615 15 63.33 3.56 3 0.00 66 2.99 0 1 
2035 25118 15 91.83 1237.71 23 0.00 66 1.92 21 1 
10883 21269 16 136.25 13322.19 4 0.00 68 2.27 0 1 
4743 46615 15 63.33 3.56 3 0.00 66 3.01 0 1 
2038 5211 15 89.05 1195.25 20 0.00 66 2.29 18 1 
2041 30000 15 87.68 1230.76 22 0.00 66 2.05 20 1 
2043 2001 15 63.33 3.56 3 0.00 66 2.97 0 1 
1898 4333 16 81.50 462.25 2 0.00 60 0.02 0 1 
2045 4904 15 87.68 1230.76 22 0.00 66 2.06 20 1 
4744 46615 15 63.33 3.56 3 0.00 66 3.01 0 1 
10883 22637 16 70.75 39.19 4 0.00 81 118.21 0 1 
2052 7361 15 89.00 1251.14 21 0.00 66 3.05 19 1 
1898 4254 16 60.00 0.00 1 0.00 60 0.00 0 1 
2055 4662 15 87.76 1187.90 21 0.00 66 2.26 19 1 
4747 16000 15 62.00 6.00 4 0.00 66 0.14 3 1 
2059 7665 15 93.90 1595.19 20 0.00 66 2.14 19 1 
2062 4662 15 89.45 1299.85 20 0.00 66 2.47 18 1 
1898 9665 16 60.00 0.00 1 0.00 60 0.00 0 1 
2065 4870 15 91.38 1346.05 21 0.00 66 2.06 20 1 
2067 4661 15 89.85 1298.53 20 0.00 66 2.37 18 1 
4755 23776 15 63.33 3.56 3 0.00 66 2.96 0 1 
2069 6047 15 91.12 1322.11 24 0.00 66 1.84 23 1 
10883 59346 16 66.00 4.00 2 0.00 68 0.29 0 1 
1898 24125 16 60.00 0.00 1 0.00 60 0.00 0 1 
2072 4662 15 88.43 1277.10 21 0.00 66 2.18 19 1 
2075 7726 15 96.45 1661.25 22 0.00 66 1.96 21 1 
4762 58940 15 63.33 3.56 3 0.00 66 2.95 0 1 
2078 4661 15 62.00 4.80 5 0.00 66 1.45 2 1 
10883 4672 11 127.60 10894.64 5 0.00 81 18.50 0 1 
10883 1755 5 96.50 1406.25 4 0.00 68 59.61 0 1 
10883 5280 16 66.00 4.00 2 0.00 68 573.30 0 1 
4763 46615 15 63.33 3.56 3 0.00 66 3.02 0 1 
2085 61326 15 62.50 4.75 4 0.00 66 1.63 1 1 
2088 4662 15 88.05 1277.28 21 0.00 66 2.02 19 1 
10883 4672 11 74.00 36.00 2 0.00 68 0.11 0 1 
10883 39526 16 69.67 64.22 3 0.00 81 64.36 0 1 
10883 5689 16 140.25 12818.19 4 0.00 81 2.02 0 1 
4768 46615 15 62.33 7.22 6 0.00 66 0.95 4 1 
4771 48387 15 63.33 3.56 3 0.00 66 3.14 0 1 
4773 46615 15 63.00 9.00 4 0.00 66 0.06 3 1 
4776 38489 15 63.33 3.56 3 0.00 66 3.01 0 1 
4778 46615 15 62.40 8.64 5 0.00 66 0.06 4 1 
4781 46615 15 63.33 3.56 3 0.00 66 2.94 0 1 
4782 46615 15 63.33 3.56 3 0.00 66 3.01 0 1 
4785 46615 15 62.00 4.80 5 0.00 66 0.90 3 1 
4788 46615 15 63.33 3.56 3 0.00 66 3.20 0 1 
4791 34406 15 62.00 6.86 7 0.00 66 0.84 5 1 
4794 64181 15 63.00 6.00 8 0.00 66 1.25 6 1 
4797 10399 15 63.33 3.56 3 0.00 66 2.99 0 1 
4798 46615 15 63.33 3.56 3 0.00 66 3.02 0 1 
10883 19319 16 140.25 12818.19 4 0.00 81 52.18 0 1 
10883 6656 16 72.33 42.89 3 0.00 73 0.29 0 1 
10883 21055 16 69.40 38.64 5 0.00 81 34.47 0 1 
10883 27247 16 68.00 0.00 1 0.00 68 0.00 0 1 
10883 4874 16 127.60 10894.64 5 0.00 81 27.68 0 1 
10883 48394 16 96.50 1432.25 4 0.00 81 78.82 0 1 
10883 4672 11 81.00 0.00 1 0.00 81 0.00 0 1 
10883 4672 11 71.50 34.25 4 0.00 73 0.05 0 1 
10883 4672 11 99.50 1262.25 4 0.00 81 2.02 0 1 
10883 4672 11 106.67 1477.56 3 0.00 81 1.60 0 1 
10883 18321 16 69.40 38.64 5 0.00 81 57.71 0 1 
4807 46615 15 63.33 3.56 3 0.00 66 3.01 0 1 
4808 46615 15 62.00 4.80 5 0.00 66 0.71 2 1 
10883 6262 16 81.00 0.00 1 0.00 81 0.00 0 1 
10883 10052 16 81.00 0.00 1 0.00 81 0.00 0 1 
10883 52985 16 81.00 0.00 1 0.00 81 0.00 0 1 
10883 61365 16 81.00 0.00 1 0.00 81 0.00 0 1 
10883 62894 16 121.00 1600.00 2 0.00 81 0.53 0 1 
10883 4672 11 123.80 11275.76 5 0.00 73 23.11 0 1 
10883 4672 11 77.75 68.19 4 0.00 81 104.56 0 1 
10883 6184 16 68.00 0.00 1 0.00 68 0.00 0 1 
15610 6346 16 75.00 0.00 1 0.00 75 0.00 0 1 
10883 24636 16 81.00 0.00 1 0.00 81 0.00 0 1 
10883 30437 16 66.00 4.00 2 0.00 68 0.22 0 1 
4825 46615 15 63.33 3.56 3 0.00 66 3.36 0 1 
4828 46615 15 61.67 4.56 6 0.00 66 0.27 3 1 
4830 64958 15 63.33 3.56 3 0.00 66 2.99 0 1 
4832 46615 15 62.00 4.80 5 0.00 66 0.74 2 1 
4835 57567 15 62.00 4.80 5 0.00 66 0.75 2 1 
10883 6650 16 72.60 45.04 5 0.00 81 131.68 0 1 
10883 4672 11 69.67 64.22 3 0.00 81 18.84 0 1 
4840 21023 15 62.00 4.80 5 0.00 66 0.78 2 1 
46615 8027 16 149.00 0.00 1 0.00 149 0.00 0 1 
4841 46615 15 62.00 4.80 5 0.00 66 0.99 3 1 
4843 46615 15 63.33 3.56 3 0.00 66 3.00 0 1 
46615 16454 16 149.00 0.00 1 0.00 149 0.00 0 1 
10883 4672 11 72.50 72.25 2 0.00 81 23.03 0 1 
46615 17592 16 229.50 6480.25 2 0.00 149 0.66 0 1 
10883 4672 11 67.00 18.00 3 0.00 73 0.07 0 1 
4847 46615 15 63.33 3.56 3 0.00 66 3.00 0 1 
46615 15823 16 149.00 0.00 1 0.00 149 0.00 0 1 
46615 22293 16 149.00 0.00 1 0.00 149 0.00 0 1 
10883 30588 16 69.67 64.22 3 0.00 81 54.45 0 1 
46615 60021 16 149.00 0.00 1 0.00 149 0.00 0 1 
46615 13079 16 234.00 7225.00 2 0.00 149 0.12 0 1 
46615 27334 16 234.00 7225.00 2 0.00 149 0.17 0 1 
46615 27993 16 244.50 9120.25 2 0.00 149 0.64 0 1 
46615 10973 16 149.00 0.00 1 0.00 149 0.00 0 1 
46615 54249 16 149.00 0.00 1 0.00 149 0.00 0 1 
46615 47741 16 149.00 0.00 1 0.00 149 0.00 0 1 
46615 64983 16 234.00 7225.00 2 0.00 149 0.21 0 1 
46615 32087 16 234.00 7225.00 2 0.00 149 0.03 0 1 
46615 7278 16 229.50 6480.25 2 0.00 149 0.35 0 1 
46615 60580 16 149.00 0.00 1 0.00 149 0.00 0 1 
46615 64280 16 234.00 7225.00 2 0.00 149 0.68 0 1 
46615 25969 16 149.00 0.00 1 0.00 149 0.00 0 1 
46615 21180 16 234.00 7225.00 2 0.00 149 0.73 0 1 
46615 37904 16 234.00 7225.00 2 0.00 149 0.64 0 1 
46615 25376 16 229.50 6480.25 2 0.00 149 0.20 0 1 
46615 33598 16 234.00 7225.00 2 0.00 149 0.39 0 1 
46615 12261 16 244.50 9120.25 2 0.00 149 0.25 0 1 
46615 18269 16 149.00 0.00 1 0.00 149 0.00 0 1 
4851 46615 15 62.00 4.80 5 0.00 66 0.63 3 1 
46615 16584 16 149.00 0.00 1 0.00 149 0.00 0 1 
46615 65529 16 149.00 0.00 1 0.00 149 0.00 0 1 
46615 19689 16 149.00 0.00 1 0.00 149 0.00 0 1 
46615 37927 16 234.00 7225.00 2 0.00 149 0.18 0 1 
10883 4672 11 159.67 15568.22 6 0.00 68 16.42 0 1 
10883 4672 11 67.00 18.00 3 0.00 73 0.12 0 1 
46615 16520 16 149.00 0.00 1 0.00 149 0.00 0 1 
46615 23511 16 244.50 9120.25 2 0.00 149 0.30 0 1 
46615 27682 16 234.00 7225.00 2 0.00 149 0.16 0 1 
46615 23305 16 149.00 0.00 1 0.00 149 0.00 0 1 
46615 50391 16 149.00 0.00 1 0.00 149 0.00 0 1 
46615 3035 16 234.00 7225.00 2 0.00 149 0.03 0 1 
46615 63103 16 149.00 0.00 1 0.00 149 0.00 0 1 
46615 32408 16 149.00 0.00 1 0.00 149 0.00 0 1 
46615 1501 16 149.00 0.00 1 0.00 149 0.00 0 1 
46615 43786 16 234.00 7225.00 2 0.00 149 0.22 0 1 
46615 6881 16 149.00 0.00 1 0.00 149 0.00 0 1 
46615 14302 16 149.00 0.00 1 0.00 149 0.00 0 1 
46615 32459 16 229.50 6480.25 2 0.00 149 0.30 0 1 
46615 12835 16 149.00 0.00 1 0.00 149 0.00 0 1 
46615 50329 16 149.00 0.00 1 0.00 149 0.00 0 1 
46615 1203 16 149.00 0.00 1 0.00 149 0.00 0 1 
46615 24414 16 149.00 0.00 1 0.00 149 0.00 0 1 
46615 17638 16 229.50 6480.25 2 0.00 149 0.06 0 1 
46615 59043 16 149.00 0.00 1 0.00 149 0.00 0 1 
10883 65253 16 68.00 0.00 1 0.00 68 0.00 0 1 
46615 14034 16 149.00 0.00 1 0.00 149 0.00 0 1 
46615 25034 16 149.00 0.00 1 0.00 149 0.00 0 1 
46615 21162 16 149.00 0.00 1 0.00 149 0.00 0 1 
46615 14779 16 229.50 6480.25 2 0.00 149 0.08 0 1 
46615 36025 16 149.00 0.00 1 0.00 149 0.00 0 1 
46615 11052 16 149.00 0.00 1 0.00 149 0.00 0 1 
46615 44401 16 149.00 0.00 1 0.00 149 0.00 0 1 
46615 11796 16 149.00 0.00 1 0.00 149 0.00 0 1 
46615 37950 16 234.00 7225.00 2 0.00 149 0.12 0 1 
46615 1036 16 149.00 0.00 1 0.00 149 0.00 0 1 
46615 24755 16 149.00 0.00 1 0.00 149 0.00 0 1 
46615 31237 16 149.00 0.00 1 0.00 149 0.00 0 1 
46615 61903 16 149.00 0.00 1 0.00 149 0.00 0 1 
46615 20821 16 149.00 0.00 1 0.00 149 0.00 0 1 
46615 17860 16 149.00 0.00 1 0.00 149 0.00 0 1 
46615 63209 16 149.00 0.00 1 0.00 149 0.00 0 1 
4859 36166 15 63.33 3.56 3 0.00 66 3.01 0 1 
46615 63498 16 149.00 0.00 1 0.00 149 0.00 0 1 
46615 28554 16 149.00 0.00 1 0.00 149 0.00 0 1 
46615 61507 16 149.00 0.00 1 0.00 149 0.00 0 1 
46615 10759 16 149.00 0.00 1 0.00 149 0.00 0 1 
46615 44071 16 149.00 0.00 1 0.00 149 0.00 0 1 
46615 24483 16 149.00 0.00 1 0.00 149 0.00 0 1 
46615 10435 16 229.50 6480.25 2 0.00 149 0.20 0 1 
4862 63299 15 63.33 3.56 3 0.00 66 2.72 0 1 
46615 22584 16 229.50 6480.25 2 0.00 149 0.03 0 1 
46615 6881 16 149.00 0.00 1 0.00 149 0.00 0 1 
46615 14190 16 149.00 0.00 1 0.00 149 0.00 0 1 
46615 13051 16 149.00 0.00 1 0.00 149 0.00 0 1 
46615 36586 16 149.00 0.00 1 0.00 149 0.00 0 1 
46615 61608 16 229.50 6480.25 2 0.00 149 13.99 0 1 
46615 32653 16 149.00 0.00 1 0.00 149 0.00 0 1 
46615 11831 16 149.00 0.00 1 0.00 149 0.00 0 1 
46615 28385 16 149.00 0.00 1 0.00 149 0.00 0 1 
46615 9551 16 229.50 6480.25 2 0.00 149 0.10 0 1 
46615 26061 16 149.00 0.00 1 0.00 149 0.00 0 1 
46615 14781 16 149.00 0.00 1 0.00 149 0.00 0 1 
46615 42825 16 149.00 0.00 1 0.00 149 0.00 0 1 
4865 10004 15 63.33 3.56 3 0.00 66 2.99 0 1 
46615 22859 16 149.00 0.00 1 0.00 149 0.00 0 1 
46615 2350 16 234.00 7225.00 2 0.00 149 0.06 0 1 
46615 6971 16 149.00 0.00 1 0.00 149 0.00 0 1 
46615 19672 16 149.00 0.00 1 0.00 149 0.00 0 1 
10883 61571 16 74.00 36.00 2 0.00 68 0.30 0 1 
46615 4362 16 149.00 0.00 1 0.00 149 0.00 0 1 
46615 12816 16 229.50 6480.25 2 0.00 149 0.58 0 1 
46615 18790 16 149.00 0.00 1 0.00 149 0.00 0 1 
46615 4216 16 149.00 0.00 1 0.00 149 0.00 0 1 
46615 14115 16 229.50 6480.25 2 0.00 149 0.35 0 1 
46615 12224 16 149.00 0.00 1 0.00 149 0.00 0 1 
46615 19874 16 149.00 0.00 1 0.00 149 0.00 0 1 
4866 39999 15 61.67 4.56 6 0.00 66 0.28 3 1 
46615 50000 16 149.00 0.00 1 0.00 149 0.00 0 1 
46615 44536 16 149.00 0.00 1 0.00 149 0.00 0 1 
46615 62653 16 234.00 7225.00 2 0.00 149 0.14 0 1 
46615 62502 16 149.00 0.00 1 0.00 149 0.00 0 1 
46615 24440 16 149.00 0.00 1 0.00 149 0.00 0 1 
46615 19802 16 234.00 7225.00 2 0.00 149 0.26 0 1 
46615 28452 16 149.00 0.00 1 0.00 149 0.00 0 1 
46615 21231 16 149.00 0.00 1 0.00 149 0.00 0 1 
46615 19180 16 229.50 6480.25 2 0.00 149 0.18 0 1 
46615 64479 16 149.00 0.00 1 0.00 149 0.00 0 1 
46615 10236 16 229.50 6480.25 2 0.00 149 0.02 0 1 
46615 1008 16 149.00 0.00 1 0.00 149 0.00 0 1 
4868 32385 15 62.86 7.84 7 0.00 66 0.91 5 1 
46615 16001 16 149.00 0.00 1 0.00 149 0.00 0 1 
46615 25715 16 243.50 9314.25 4 0.00 149 0.86 0 1 
46615 6112 16 234.00 7225.00 2 0.00 149 0.06 0 1 
46615 40046 16 234.00 7225.00 2 0.00 149 0.05 0 1 
46615 32495 16 234.00 7225.00 2 0.00 149 0.12 0 1 
10883 4673 16 72.50 72.25 2 0.00 81 356.79 0 1 
46615 6881 16 234.00 7225.00 2 0.00 149 0.06 0 1 
46615 8371 16 149.00 0.00 1 0.00 149 0.00 0 1 
