1038 80 15 211.45 88647.52 11 0.00 62 5.53 10 1 
22252 12893 16 67.00 0.00 3 0.00 67 27.45 0 1 
22252 6120 16 67.00 0.00 2 0.00 67 33.53 0 1 
22252 13327 16 67.00 0.00 3 0.00 67 27.45 0 1 
22252 3789 16 67.00 0.00 3 0.00 67 27.45 0 1 
22252 7871 16 67.00 0.00 5 0.00 67 16.56 0 1 
22252 10811 16 67.00 0.00 3 0.00 67 27.45 0 1 
22252 10487 16 67.00 0.00 3 0.00 67 27.45 0 1 
22252 12394 16 65.28 3789.05 54 0.00 67 13.88 0 1 
22252 6679 16 100.32 16556.49 22 0.00 67 8.44 0 1 
22252 9858 16 65.02 4285.26 58 0.00 67 12.92 0 1 
22252 9480 16 67.00 0.00 3 0.00 67 24.11 0 1 
22252 4009 16 67.00 0.00 2 0.00 67 28.57 0 1 
22252 4663 16 67.00 0.00 3 0.00 67 24.15 0 1 
22252 4241 16 67.00 0.00 3 0.00 67 24.15 0 1 
22252 7871 16 67.00 0.00 5 0.00 67 14.41 0 1 
22252 12053 16 67.00 0.00 3 0.00 67 23.75 0 1 
22252 4140 16 67.00 0.00 3 0.00 67 20.81 0 1 
22252 10629 16 67.00 0.00 3 0.00 67 20.81 0 1 
22252 5388 16 67.00 0.00 3 0.00 67 20.81 0 1 
22252 20499 16 67.00 0.00 3 0.00 67 20.81 0 1 
22252 5615 16 67.00 0.00 3 0.00 67 20.81 0 1 
22252 6589 16 67.00 0.00 3 0.00 67 20.61 0 1 
22252 3538 16 67.00 0.00 3 0.00 67 19.80 0 1 
22252 8665 16 67.00 0.00 2 0.00 67 18.55 0 1 
22252 13302 16 102.73 16339.83 11 0.00 67 10.16 0 1 
22252 24686 16 67.00 0.00 3 0.00 67 17.47 0 1 
22252 2688 16 67.00 0.00 3 0.00 67 17.47 0 1 
22252 5528 16 67.00 0.00 3 0.00 67 17.40 0 1 
22252 8457 16 67.00 0.00 3 0.00 67 17.30 0 1 
22252 10449 16 67.00 0.00 3 0.00 67 17.20 0 1 
22252 6327 16 67.00 0.00 3 0.00 67 14.13 0 1 
22252 12167 16 67.00 0.00 3 0.00 67 14.13 0 1 
22252 7222 16 67.00 0.00 3 0.00 67 14.16 0 1 
22252 7871 16 67.00 0.00 3 0.00 67 13.99 0 1 
22252 17636 16 67.00 0.00 3 0.00 67 13.89 0 1 
22252 5271 16 67.00 0.00 3 0.00 67 10.82 0 1 
22252 8109 16 67.00 0.00 3 0.00 67 10.82 0 1 
22252 7051 16 67.00 0.00 3 0.00 67 10.82 0 1 
22252 11579 16 67.00 0.00 3 0.00 67 10.82 0 1 
22252 12438 16 67.00 0.00 3 0.00 67 10.75 0 1 
22252 6257 16 67.00 0.00 3 0.00 67 10.68 0 1 
22252 8892 16 67.00 0.00 3 0.00 67 10.62 0 1 
22252 4990 16 67.00 0.00 3 0.00 67 10.55 0 1 
22252 1215 16 67.91 3601.54 55 0.00 67 8.60 0 1 
22252 21373 16 72.09 6517.10 55 0.00 67 8.60 0 1 
22252 12255 16 67.94 3155.03 53 0.00 67 8.93 0 1 
22252 14824 16 63.73 1478.16 55 0.00 67 8.60 0 1 
22252 7164 16 67.00 0.00 4 0.00 67 16.24 0 1 
22252 4050 16 64.58 1333.61 69 0.00 67 7.78 0 1 
22252 5731 16 67.00 0.00 2 0.00 67 5.15 0 1 
22252 1618 16 66.32 1752.88 136 0.00 67 5.12 0 1 
22252 17024 16 67.00 0.00 2 0.00 67 5.15 0 1 
22252 25829 16 64.63 1152.48 128 0.00 67 5.44 0 1 
22252 18169 16 67.00 0.00 2 0.00 67 7.26 0 1 
22252 26129 16 67.00 0.00 2 0.00 67 7.26 0 1 
22252 12349 16 67.00 0.00 2 0.00 67 7.31 0 1 
22252 31885 16 73.16 3551.50 19 0.00 67 8.14 0 1 
22252 8815 16 65.24 3618.34 51 0.00 67 9.28 0 1 
22252 2952 16 67.00 0.00 2 0.00 67 7.31 0 1 
22252 28467 16 67.00 0.00 2 0.00 67 7.31 0 1 
22252 17972 16 67.00 0.00 2 0.00 67 7.31 0 1 
22252 1185 16 67.00 0.00 4 0.00 67 14.90 0 1 
22252 16275 16 67.00 0.00 4 0.00 67 14.90 0 1 
22252 11275 16 67.00 0.00 4 0.00 67 16.24 0 1 
22252 26202 16 67.00 0.00 4 0.00 67 14.90 0 1 
22252 4050 16 67.00 0.00 4 0.00 67 13.86 0 1 
22252 8884 16 67.00 0.00 4 0.00 67 13.86 0 1 
22252 19902 16 60.69 74.57 131 0.00 67 5.29 0 1 
22252 7151 16 67.00 0.00 2 0.00 67 5.24 0 1 
22252 8815 16 67.00 0.00 2 0.00 67 5.24 0 1 
22252 19782 16 69.09 2519.82 23 0.00 67 7.76 0 1 
22252 15750 16 67.00 0.00 2 0.00 67 5.24 0 1 
22252 9759 16 71.48 2694.15 21 0.00 67 8.49 0 1 
22252 21090 16 56.94 130.18 48 0.00 67 9.78 0 1 
22252 17560 16 61.98 1273.46 50 0.00 67 9.38 0 1 
22252 29612 16 67.00 0.00 2 0.00 67 5.24 0 1 
22252 27497 16 67.00 0.00 2 0.00 67 5.24 0 1 
22252 7620 16 66.57 4148.82 49 0.00 67 9.61 0 1 
22252 15604 16 65.69 4005.31 51 0.00 67 9.20 0 1 
22252 16771 16 60.27 703.92 51 0.00 67 9.20 0 1 
22252 9900 16 67.00 0.00 2 0.00 67 5.29 0 1 
22252 19284 16 64.87 3871.25 53 0.00 67 8.84 0 1 
22252 16698 16 67.00 0.00 2 0.00 67 5.29 0 1 
22252 32202 16 56.94 130.18 48 0.00 67 9.76 0 1 
22252 4972 16 67.00 0.00 2 0.00 67 5.29 0 1 
22252 2463 16 67.00 0.00 2 0.00 67 5.29 0 1 
22252 4415 16 67.00 0.00 2 0.00 67 5.29 0 1 
22252 4003 16 64.81 1226.73 118 0.00 67 5.87 0 1 
22252 1357 16 67.00 0.00 2 0.00 67 7.59 0 1 
22252 20497 16 67.00 0.00 2 0.00 67 7.59 0 1 
22252 31662 16 67.00 0.00 2 0.00 67 7.59 0 1 
22252 6362 16 64.56 1813.30 55 0.00 67 8.52 0 1 
22252 2836 16 67.00 0.00 2 0.00 67 7.59 0 1 
22252 1927 16 61.22 695.19 55 0.00 67 8.52 0 1 
22252 31722 16 67.00 0.00 2 0.00 67 7.64 0 1 
22252 25203 16 67.00 0.00 2 0.00 67 7.64 0 1 
22252 30041 16 66.22 2425.62 54 0.00 67 8.68 0 1 
22252 12139 16 67.00 0.00 2 0.00 67 7.64 0 1 
22252 3917 16 83.62 6143.38 21 0.00 67 6.12 0 1 
22252 8991 16 67.00 0.00 2 0.00 67 7.64 0 1 
22252 27467 16 67.00 0.00 2 0.00 67 7.64 0 1 
22252 24641 16 84.71 6639.16 21 0.00 67 6.12 0 1 
22252 16295 16 67.00 0.00 2 0.00 67 7.64 0 1 
22252 10342 16 67.00 0.00 2 0.00 67 7.64 0 1 
22252 3626 16 67.00 0.00 2 0.00 67 7.66 0 1 
22252 5427 16 67.00 0.00 2 0.00 67 7.66 0 1 
22252 14829 16 67.00 0.00 2 0.00 67 7.60 0 1 
22252 6137 16 67.00 0.00 2 0.00 67 7.60 0 1 
22252 11650 16 67.00 0.00 2 0.00 67 7.60 0 1 
22252 3127 16 67.00 0.00 2 0.00 67 7.59 0 1 
22252 12981 16 67.00 0.00 2 0.00 67 7.59 0 1 
22252 7871 16 67.00 0.00 2 0.00 67 7.59 0 1 
22252 5000 16 67.00 0.00 4 0.00 67 3.82 0 1 
22252 6959 16 67.00 0.00 2 0.00 67 7.64 0 1 
22252 9424 16 67.00 0.00 1 0.00 67 0.00 0 1 
22252 8272 16 67.00 0.00 2 0.00 67 7.64 0 1 
22252 7983 16 67.00 0.00 2 0.00 67 7.64 0 1 
22252 14611 16 67.00 0.00 2 0.00 67 7.64 0 1 
22252 4667 16 67.00 0.00 2 0.00 67 7.64 0 1 
22252 3714 16 67.00 0.00 2 0.00 67 7.64 0 1 
22252 19306 16 67.00 0.00 2 0.00 67 7.64 0 1 
22252 9635 16 67.00 0.00 2 0.00 67 7.64 0 1 
22252 4667 16 67.00 0.00 2 0.00 67 7.64 0 1 
22252 4344 16 67.00 0.00 2 0.00 67 7.64 0 1 
22252 3311 16 67.00 0.00 2 0.00 67 7.59 0 1 
22252 9084 16 67.00 0.00 2 0.00 67 7.59 0 1 
22252 8467 16 67.00 0.00 1 0.00 67 0.00 0 1 
22252 11447 16 67.00 0.00 2 0.00 67 7.59 0 1 
22252 5845 16 64.83 3945.60 52 0.00 67 9.01 0 1 
22252 7871 16 67.00 0.00 4 0.00 67 3.82 0 1 
22252 6182 16 67.00 0.00 2 0.00 67 7.59 0 1 
22252 8901 16 67.00 0.00 2 0.00 67 7.59 0 1 
22252 4114 16 67.00 0.00 1 0.00 67 0.00 0 1 
22252 4894 16 67.00 0.00 2 0.00 67 7.64 0 1 
22252 12000 13 67.00 0.00 2 0.00 67 7.64 0 1 
22252 3395 16 67.00 0.00 2 0.00 67 7.64 0 1 
22252 6028 16 67.00 0.00 2 0.00 67 7.64 0 1 
22252 5011 16 67.00 0.00 2 0.00 67 7.64 0 1 
22252 33712 16 67.00 0.00 2 0.00 67 7.64 0 1 
22252 19268 16 67.00 0.00 2 0.00 67 7.64 0 1 
22252 10274 16 67.00 0.00 2 0.00 67 7.64 0 1 
22252 19608 16 60.43 107.96 14 0.00 67 10.71 0 1 
22252 8561 16 75.29 6984.28 28 0.00 67 10.00 0 1 
22252 11281 16 67.00 0.00 2 0.00 67 7.59 0 1 
22252 5470 16 67.00 0.00 4 0.00 67 14.96 0 1 
22252 18023 16 67.00 0.00 4 0.00 67 3.79 0 1 
22252 22780 16 67.00 0.00 2 0.00 67 5.54 0 1 
22252 63910 16 67.00 0.00 2 0.00 67 5.54 0 1 
22252 21407 16 67.00 0.00 2 0.00 67 5.54 0 1 
22252 9287 16 67.00 0.00 2 0.00 67 5.54 0 1 
22252 26271 16 67.00 0.00 2 0.00 67 5.54 0 1 
22252 33759 16 67.00 0.00 2 0.00 67 5.54 0 1 
22252 29076 16 67.00 0.00 6 0.00 67 49.65 0 1 
22252 29603 16 74.53 4056.87 45 0.00 67 13.48 0 1 
22252 24118 16 89.15 414.71 34 0.00 67 2.17 0 1 
22252 28484 16 67.00 0.00 4 0.00 67 13.66 0 1 
22252 25829 16 67.00 0.00 2 0.00 67 6.99 0 1 
22252 19220 16 67.00 0.00 13 0.00 67 52.81 0 1 
22252 28145 16 69.22 1193.00 164 0.00 67 4.19 0 1 
22252 28038 16 67.24 2479.16 78 0.00 67 8.80 0 1 
22252 32344 16 67.00 0.00 4 0.00 67 13.59 0 1 
22252 16578 16 62.12 286.49 131 0.00 67 5.24 0 1 
22252 12821 16 60.38 167.22 85 0.00 67 8.08 0 1 
22252 25606 16 67.00 0.00 6 0.00 67 17.23 0 1 
22252 9956 8 56.72 130.75 47 0.00 67 14.61 0 1 
22252 22252 16 59.09 534.26 55 0.00 67 12.41 0 1 
22252 12418 16 67.00 0.00 8 0.00 67 85.33 0 1 
22252 9501 16 70.94 2587.50 18 0.00 67 7.79 0 1 
22252 2283 16 67.00 0.00 4 0.00 67 94.75 0 1 
22252 29586 16 56.63 130.98 51 0.00 67 13.38 0 1 
22252 26914 16 67.00 0.00 8 0.00 67 42.45 0 1 
22252 25516 16 67.00 0.00 2 0.00 67 5.08 0 1 
22252 26700 16 56.88 130.35 50 0.00 67 13.65 0 1 
22252 32657 16 67.00 0.00 6 0.00 67 48.99 0 1 
22252 15750 16 57.70 127.40 47 0.00 67 14.52 0 1 
22252 15244 16 67.00 0.00 2 0.00 67 5.08 0 1 
22252 22801 16 67.00 0.00 9 0.00 67 75.84 0 1 
22252 2562 16 72.66 2544.07 65 0.00 67 10.50 0 1 
22252 3973 16 59.33 117.56 9 0.00 67 7.19 0 1 
22252 31589 16 67.00 0.00 4 0.00 67 43.55 0 1 
22252 6255 16 67.00 0.00 8 0.00 67 18.69 0 1 
22252 20052 16 67.00 0.00 2 0.00 67 5.08 0 1 
22252 22904 16 56.38 131.47 52 0.00 67 13.13 0 1 
22252 25031 16 67.00 0.00 8 0.00 67 53.08 0 1 
22252 25829 16 61.03 82.31 58 0.00 67 11.77 0 1 
22252 20339 16 71.78 3089.25 106 0.00 67 6.44 0 1 
22252 10728 16 67.00 0.00 2 0.00 67 5.08 0 1 
22252 9600 16 67.00 0.00 4 0.00 67 37.30 0 1 
22252 15360 16 64.24 752.60 139 0.00 67 4.91 0 1 
22252 32734 16 65.55 8.04 29 0.00 67 23.53 0 1 
22252 13576 16 67.00 0.00 10 0.00 67 68.25 0 1 
22252 15240 16 56.63 130.98 51 0.00 67 13.38 0 1 
22252 28557 16 60.27 556.91 51 0.00 67 13.38 0 1 
22252 2326 16 67.00 0.00 2 0.00 67 5.54 0 1 
22252 18941 16 67.00 0.00 2 0.00 67 5.54 0 1 
22252 33137 16 65.30 3862.93 53 0.00 67 12.88 0 1 
22252 33442 16 64.47 1397.19 53 0.00 67 12.88 0 1 
22252 20245 16 67.00 0.00 2 0.00 67 5.54 0 1 
22252 7880 16 61.34 64.40 136 0.00 67 5.02 0 1 
22252 27467 16 67.00 0.00 2 0.00 67 5.54 0 1 
22252 18105 16 60.46 77.23 114 0.00 67 5.99 0 1 
22252 17028 16 67.00 0.00 4 0.00 67 21.62 0 1 
22252 27390 16 67.00 0.00 2 0.00 67 5.54 0 1 
22252 5607 16 67.00 0.00 2 0.00 67 5.54 0 1 
22252 1777 16 67.00 0.00 2 0.00 67 5.54 0 1 
22252 29689 16 61.65 63.34 54 0.00 67 12.64 0 1 
22252 23968 16 67.00 0.00 2 0.00 67 5.54 0 1 
22252 5594 16 67.00 0.00 2 0.00 67 5.54 0 1 
22252 20138 16 72.72 6025.15 53 0.00 67 12.88 0 1 
22252 29286 16 62.48 513.48 106 0.00 67 6.44 0 1 
22252 2991 16 70.22 1930.03 129 0.00 67 5.29 0 1 
22252 18984 16 67.00 0.00 2 0.00 67 7.55 0 1 
22252 3201 16 67.00 0.00 2 0.00 67 7.55 0 1 
22252 7271 16 66.63 2.44 19 0.00 67 35.92 0 1 
22252 9188 16 67.00 0.00 2 0.00 67 7.55 0 1 
22252 9823 16 67.00 0.00 2 0.00 67 7.55 0 1 
22252 21776 16 72.62 2548.83 139 0.00 67 4.91 0 1 
22252 1773 16 67.00 0.00 2 0.00 67 7.55 0 1 
22252 6911 16 56.88 130.35 50 0.00 67 13.65 0 1 
22252 32198 16 67.00 0.00 2 0.00 67 7.55 0 1 
22252 11710 16 67.00 0.00 2 0.00 67 7.55 0 1 
22252 12066 16 67.00 0.00 10 0.00 67 33.95 0 1 
22252 22295 16 67.00 0.00 2 0.00 67 7.55 0 1 
22252 1211 16 67.00 0.00 10 0.00 67 68.24 0 1 
22252 8905 16 67.00 0.00 2 0.00 67 7.55 0 1 
22252 3424 16 67.00 0.00 2 0.00 67 7.55 0 1 
22252 19456 16 67.00 0.00 2 0.00 67 7.55 0 1 
22252 25709 16 67.00 0.00 2 0.00 67 7.55 0 1 
22252 1301 16 60.82 83.93 28 0.00 67 5.49 0 1 
22252 30843 16 67.00 0.00 2 0.00 67 7.55 0 1 
22252 12083 16 60.99 73.83 103 0.00 67 6.62 0 1 
22252 28840 16 67.00 0.00 15 0.00 67 45.49 0 1 
22252 18594 16 67.00 0.00 2 0.00 67 7.55 0 1 
22252 16196 16 61.34 68.35 109 0.00 67 6.26 0 1 
22252 2626 16 56.18 131.79 51 0.00 67 8.98 0 1 
22252 22801 16 60.67 72.37 135 0.00 67 5.05 0 1 
22252 19070 16 67.00 0.00 2 0.00 67 7.55 0 1 
22252 18079 16 66.43 3482.73 37 0.00 67 8.53 0 1 
22252 32198 16 67.00 0.00 2 0.00 67 7.55 0 1 
22252 1863 16 67.00 0.00 8 0.00 67 23.20 0 1 
22252 8905 16 61.12 66.10 136 0.00 67 5.02 0 1 
22252 3604 16 56.42 131.40 50 0.00 67 9.17 0 1 
22252 16235 16 67.00 0.00 2 0.00 67 7.55 0 1 
22252 21073 16 61.25 99.19 8 0.00 67 8.72 0 1 
22252 16874 16 67.00 0.00 4 0.00 67 22.47 0 1 
22252 15480 16 67.00 0.00 2 0.00 67 7.55 0 1 
22252 4934 16 67.00 0.00 2 0.00 67 7.55 0 1 
22252 7477 16 67.00 0.00 2 0.00 67 7.55 0 1 
22252 21780 16 67.00 0.00 2 0.00 67 7.55 0 1 
22252 4063 16 61.86 211.89 149 0.00 67 4.57 0 1 
22252 27995 16 67.00 0.00 2 0.00 67 7.00 0 1 
22252 16275 16 56.58 131.07 53 0.00 67 12.86 0 1 
22252 11693 16 67.00 0.00 2 0.00 67 7.00 0 1 
22252 27167 16 67.00 0.00 4 0.00 67 22.27 0 1 
22252 22728 16 67.00 0.00 2 0.00 67 7.00 0 1 
22252 28655 16 67.00 0.00 2 0.00 67 7.00 0 1 
22252 28758 16 60.58 1144.35 57 0.00 67 11.96 0 1 
22252 21210 16 67.00 0.00 2 0.00 67 7.00 0 1 
22252 5843 16 67.00 0.00 2 0.00 67 7.00 0 1 
22252 11275 16 67.00 0.00 2 0.00 67 7.00 0 1 
22252 11534 16 67.00 0.00 2 0.00 67 7.00 0 1 
22252 23230 16 67.00 0.00 2 0.00 67 7.00 0 1 
22252 28458 16 62.41 574.93 114 0.00 67 5.98 0 1 
22252 2918 16 65.80 5.76 5 0.00 67 24.68 0 1 
22252 18782 16 67.00 0.00 2 0.00 67 7.00 0 1 
22252 32198 16 67.00 0.00 4 0.00 67 21.39 0 1 
22252 4415 16 67.00 0.00 6 0.00 67 32.97 0 1 
22252 3188 16 56.83 130.49 52 0.00 67 13.10 0 1 
22252 1155 16 67.00 0.00 2 0.00 67 7.00 0 1 
22252 16278 16 67.00 0.00 2 0.00 67 7.00 0 1 
22252 16548 16 67.00 0.00 4 0.00 67 24.67 0 1 
22252 18452 16 62.62 717.06 85 0.00 67 7.97 0 1 
22252 18611 16 60.52 75.18 123 0.00 67 5.51 0 1 
22252 27489 16 67.00 0.00 2 0.00 67 5.09 0 1 
22252 22441 16 67.00 0.00 2 0.00 67 5.09 0 1 
22252 21125 16 83.72 10603.42 18 0.00 67 7.51 0 1 
22252 25949 16 67.00 0.00 2 0.00 67 5.09 0 1 
22252 29646 16 67.00 0.00 2 0.00 67 5.09 0 1 
22252 11873 16 67.04 4055.44 50 0.00 67 13.55 0 1 
22252 13194 16 67.00 0.00 2 0.00 67 5.09 0 1 
22252 16891 16 67.00 0.00 2 0.00 67 5.09 0 1 
22252 31962 16 67.00 0.00 4 0.00 67 11.38 0 1 
22252 3844 16 60.61 74.37 141 0.00 67 4.81 0 1 
22252 7198 16 62.88 684.09 131 0.00 67 5.17 0 1 
22252 33442 16 67.00 0.00 2 0.00 67 5.09 0 1 
22252 1155 16 62.35 1634.89 54 0.00 67 12.55 0 1 
22252 2403 16 67.00 0.00 2 0.00 67 5.09 0 1 
22252 15750 16 67.00 0.00 2 0.00 67 5.09 0 1 
22252 28398 16 67.00 0.00 2 0.00 67 5.09 0 1 
22252 13258 16 63.17 73.47 6 0.00 67 8.43 0 1 
22252 32884 16 67.00 0.00 2 0.00 67 5.09 0 1 
22252 11534 16 67.00 0.00 2 0.00 67 5.09 0 1 
22252 30731 16 63.41 1182.38 74 0.00 67 9.15 0 1 
22252 20485 16 67.00 0.00 2 0.00 67 5.55 0 1 
22252 11275 16 67.00 0.00 2 0.00 67 5.55 0 1 
22252 7002 16 56.88 130.35 50 0.00 67 13.55 0 1 
22252 25289 16 56.88 130.35 50 0.00 67 13.55 0 1 
22252 19292 16 67.00 0.00 2 0.00 67 5.55 0 1 
22252 2463 16 59.56 93.10 84 0.00 67 8.06 0 1 
22252 10655 16 75.58 2854.05 72 0.00 67 9.41 0 1 
22252 12915 16 67.00 0.00 2 0.00 67 5.55 0 1 
22252 28960 16 67.00 0.00 4 0.00 67 29.85 0 1 
22252 1657 16 60.82 75.68 99 0.00 67 6.84 0 1 
22252 11620 16 67.00 0.00 3 0.00 67 151.02 0 1 
22252 24122 16 67.00 0.00 2 0.00 67 5.55 0 1 
22252 2759 16 67.00 0.00 2 0.00 67 5.55 0 1 
22252 33575 16 67.00 0.00 2 0.00 67 5.55 0 1 
22252 9956 8 72.09 3198.80 58 0.00 67 11.68 0 1 
22252 25216 16 67.00 0.00 4 0.00 67 45.19 0 1 
22252 33742 16 67.00 0.00 2 0.00 67 5.55 0 1 
22252 21111 16 67.00 0.00 2 0.00 67 5.55 0 1 
22252 31074 16 67.00 0.00 2 0.00 67 5.55 0 1 
22252 16275 16 67.00 0.00 2 0.00 67 5.55 0 1 
22252 5191 16 67.00 0.00 2 0.00 67 5.55 0 1 
22252 8292 16 67.00 0.00 2 0.00 67 7.46 0 1 
22252 29273 16 70.08 4474.24 49 0.00 67 13.82 0 1 
22252 29183 16 67.00 0.00 3 0.00 67 150.95 0 1 
22252 22115 16 67.00 0.00 2 0.00 67 7.46 0 1 
22252 7571 16 63.60 1119.12 134 0.00 67 5.06 0 1 
22252 27905 16 67.00 0.00 2 0.00 67 7.46 0 1 
22252 18336 16 67.00 0.00 2 0.00 67 7.46 0 1 
22252 9999 16 67.00 0.00 2 0.00 67 7.46 0 1 
22252 33013 16 62.69 1504.83 68 0.00 67 9.96 0 1 
22252 10110 16 65.53 1210.99 118 0.00 67 5.74 0 1 
22252 13837 16 67.00 0.00 2 0.00 67 7.46 0 1 
22252 17766 16 73.19 2976.32 106 0.00 67 6.39 0 1 
22252 18169 16 67.00 0.00 2 0.00 67 7.46 0 1 
22252 9205 16 63.38 627.25 120 0.00 67 5.64 0 1 
22252 16651 16 68.68 584.79 160 0.00 67 4.23 0 1 
22252 31941 16 67.00 0.00 6 0.00 67 112.90 0 1 
22252 11217 16 67.00 0.00 6 0.00 67 19.69 0 1 
22252 8292 16 67.00 0.00 2 0.00 67 7.02 0 1 
22252 1198 16 58.53 107.05 77 0.00 67 8.46 0 1 
22252 11534 16 67.00 0.00 2 0.00 67 7.02 0 1 
22252 22737 16 61.69 93.91 13 0.00 67 50.09 0 1 
22252 3793 16 67.00 0.00 2 0.00 67 7.02 0 1 
22252 15776 16 67.00 0.00 4 0.00 67 17.06 0 1 
22252 3647 16 67.00 0.00 2 0.00 67 7.02 0 1 
22252 8845 16 67.00 0.00 2 0.00 67 7.02 0 1 
22252 11757 16 67.00 0.00 2 0.00 67 7.02 0 1 
22252 6212 16 67.00 0.00 2 0.00 67 7.02 0 1 
22252 8635 16 67.00 0.00 2 0.00 67 7.02 0 1 
22252 31439 16 67.00 0.00 2 0.00 67 7.02 0 1 
22252 3797 16 67.00 0.00 2 0.00 67 7.02 0 1 
22252 18971 16 67.00 0.00 2 0.00 67 7.02 0 1 
22252 21064 16 67.00 0.00 2 0.00 67 7.02 0 1 
22252 5024 16 60.50 74.65 134 0.00 67 4.83 0 1 
22252 22368 16 63.86 1705.68 36 0.00 67 17.98 0 1 
22252 27210 16 67.00 0.00 2 0.00 67 5.11 0 1 
22252 5178 16 70.98 1178.10 104 0.00 67 6.22 0 1 
22252 18169 16 56.81 125.20 63 0.00 67 10.28 0 1 
22252 13563 16 60.29 79.23 119 0.00 67 5.44 0 1 
22252 23680 16 58.38 123.98 16 0.00 67 8.29 0 1 
22252 33489 16 67.00 0.00 2 0.00 67 5.11 0 1 
22252 10072 16 67.00 0.00 2 0.00 67 5.11 0 1 
22252 7374 16 67.00 0.00 2 0.00 67 5.11 0 1 
22252 32387 16 64.99 823.43 115 0.00 67 5.63 0 1 
22252 24684 16 66.98 1428.26 124 0.00 67 5.22 0 1 
22252 9411 16 67.00 0.00 2 0.00 67 5.11 0 1 
22252 1138 16 67.00 0.00 2 0.00 67 5.11 0 1 
22252 20052 16 67.00 0.00 2 0.00 67 5.11 0 1 
22252 11976 16 60.05 86.66 81 0.00 67 7.99 0 1 
22252 7327 16 67.00 0.00 6 0.00 67 25.10 0 1 
22252 1275 16 57.80 126.96 30 0.00 67 21.58 0 1 
22252 11547 16 67.00 0.00 2 0.00 67 5.11 0 1 
22252 29972 16 67.00 0.00 2 0.00 67 5.11 0 1 
22252 29389 16 67.00 0.00 2 0.00 67 5.11 0 1 
22252 18169 16 67.00 0.00 2 0.00 67 5.11 0 1 
22252 32507 16 62.16 357.19 129 0.00 67 5.02 0 1 
22252 15300 16 67.00 0.00 2 0.00 67 5.57 0 1 
22252 26807 16 67.00 0.00 2 0.00 67 5.57 0 1 
22252 16874 16 67.00 0.00 2 0.00 67 5.57 0 1 
22252 1756 16 67.00 0.00 2 0.00 67 5.57 0 1 
22252 9703 16 67.00 0.00 2 0.00 67 5.57 0 1 
22252 9999 16 67.00 0.00 2 0.00 67 5.57 0 1 
22252 33489 16 67.00 0.00 2 0.00 67 5.57 0 1 
22252 26211 16 67.00 0.00 2 0.00 67 5.57 0 1 
22252 16951 16 60.97 69.85 138 0.00 67 4.69 0 1 
22252 6761 16 67.00 0.00 2 0.00 67 5.57 0 1 
22252 12066 16 67.00 0.00 2 0.00 67 5.57 0 1 
22252 8365 16 67.00 0.00 2 0.00 67 5.57 0 1 
22252 32927 16 67.00 0.00 2 0.00 67 7.63 0 1 
22252 16638 16 67.00 0.00 5 0.00 67 129.44 0 1 
22252 24624 16 67.00 0.00 2 0.00 67 7.63 0 1 
22252 3497 16 67.00 0.00 2 0.00 67 7.63 0 1 
22252 24980 16 62.58 502.09 131 0.00 67 4.94 0 1 
22252 19443 16 61.29 1364.67 56 0.00 67 11.56 0 1 
22252 8712 16 67.00 0.00 2 0.00 67 7.58 0 1 
22252 28557 16 63.05 1854.52 63 0.00 67 10.27 0 1 
22252 6349 16 60.59 77.37 85 0.00 67 7.61 0 1 
22252 13258 16 67.00 0.00 2 0.00 67 7.58 0 1 
22252 30594 16 62.35 1891.30 54 0.00 67 11.98 0 1 
22252 33077 16 57.80 126.96 45 0.00 67 14.38 0 1 
22252 20339 16 67.00 0.00 2 0.00 67 7.58 0 1 
22252 13683 16 67.00 0.00 2 0.00 67 7.58 0 1 
22252 3072 16 67.00 0.00 2 0.00 67 7.58 0 1 
22252 1241 16 56.94 130.18 48 0.00 67 13.48 0 1 
22252 7374 16 67.00 0.00 2 0.00 67 7.58 0 1 
22252 14065 16 67.00 0.00 2 0.00 67 7.58 0 1 
22252 31919 16 67.00 0.00 2 0.00 67 7.58 0 1 
22252 11268 16 67.00 0.00 2 0.00 67 7.58 0 1 
22252 11075 16 67.00 0.00 2 0.00 67 7.58 0 1 
22252 12774 16 67.00 0.00 2 0.00 67 7.63 0 1 
22252 22964 16 67.00 0.00 2 0.00 67 7.63 0 1 
22252 27030 16 90.20 7295.96 10 0.00 67 8.27 0 1 
22252 7631 16 60.14 717.08 50 0.00 67 12.94 0 1 
22252 30504 16 67.00 0.00 2 0.00 67 7.63 0 1 
22252 21540 16 67.00 0.00 2 0.00 67 7.63 0 1 
22252 5264 16 67.00 0.00 2 0.00 67 7.58 0 1 
22252 7314 16 67.00 0.00 2 0.00 67 7.58 0 1 
22252 6465 16 67.00 0.00 2 0.00 67 7.58 0 1 
22252 11274 16 67.00 0.00 2 0.00 67 7.58 0 1 
22252 26790 16 67.00 0.00 2 0.00 67 7.58 0 1 
22252 13361 16 67.00 0.00 2 0.00 67 7.58 0 1 
22252 10342 16 60.47 726.29 49 0.00 67 13.20 0 1 
22252 7871 16 60.95 102.58 19 0.00 67 34.05 0 1 
22252 11275 16 57.21 129.32 47 0.00 67 13.77 0 1 
22252 4127 16 60.45 78.85 97 0.00 67 6.67 0 1 
22252 11275 16 67.00 0.00 2 0.00 67 7.58 0 1 
22252 1674 16 67.00 0.00 2 0.00 67 7.58 0 1 
22252 2463 16 67.00 0.00 2 0.00 67 7.58 0 1 
22252 25709 16 67.00 0.00 2 0.00 67 7.63 0 1 
22252 16275 16 67.00 0.00 2 0.00 67 7.63 0 1 
22252 21985 16 57.29 129.05 45 0.00 67 14.38 0 1 
22252 24101 16 67.00 0.00 2 0.00 67 7.63 0 1 
22252 20142 16 67.00 0.00 2 0.00 67 7.63 0 1 
22252 14515 16 67.00 0.00 2 0.00 67 7.63 0 1 
22252 21785 16 67.00 0.00 2 0.00 67 7.63 0 1 
22252 14446 16 67.00 0.00 2 0.00 67 7.58 0 1 
22252 23813 16 67.00 0.00 2 0.00 67 7.58 0 1 
22252 22522 16 67.00 0.00 2 0.00 67 7.58 0 1 
22252 13357 16 62.44 1757.65 50 0.00 67 12.94 0 1 
22252 12508 16 67.00 0.00 2 0.00 67 7.58 0 1 
22252 3548 16 61.73 1702.62 52 0.00 67 12.44 0 1 
22252 31276 16 56.72 130.75 47 0.00 67 13.76 0 1 
22252 30041 16 67.00 0.00 2 0.00 67 7.58 0 1 
22252 24328 16 59.72 86.43 104 0.00 67 6.22 0 1 
22252 28913 16 62.03 1168.15 65 0.00 67 9.95 0 1 
22252 13284 16 67.00 0.00 2 0.00 67 7.58 0 1 
22252 22248 16 80.08 6703.78 61 0.00 67 10.61 0 1 
22252 20957 16 67.00 0.00 2 0.00 67 7.58 0 1 
22252 24851 16 67.00 0.00 2 0.00 67 7.58 0 1 
22252 33150 16 67.00 0.00 2 0.00 67 7.58 0 1 
22252 7966 16 67.00 0.00 2 0.00 67 7.63 0 1 
22252 8365 16 67.00 0.00 2 0.00 67 7.63 0 1 
22252 22724 16 67.00 0.00 2 0.00 67 7.63 0 1 
22252 27935 16 61.29 1462.01 52 0.00 67 12.44 0 1 
22252 16548 16 67.00 0.00 2 0.00 67 7.63 0 1 
22252 32661 16 67.00 0.00 2 0.00 67 7.63 0 1 
22252 29149 16 60.66 73.21 128 0.00 67 5.05 0 1 
22252 7258 16 69.35 994.19 123 0.00 67 5.26 0 1 
22252 16788 16 67.00 0.00 2 0.00 67 7.58 0 1 
22252 11281 16 67.00 0.00 2 0.00 67 7.58 0 1 
22252 21467 16 62.21 484.06 114 0.00 67 5.67 0 1 
22252 28986 16 63.58 1343.44 125 0.00 67 5.17 0 1 
22252 1181 16 67.00 0.00 6 0.00 67 64.80 0 1 
22252 15120 16 64.80 1274.47 136 0.00 67 4.76 0 1 
22252 16329 16 70.85 3921.08 86 0.00 67 7.52 0 1 
22252 7250 16 59.12 102.49 74 0.00 67 8.73 0 1 
22252 11839 16 67.00 0.00 2 0.00 67 7.02 0 1 
22252 30071 16 62.17 70.81 6 0.00 67 6.42 0 1 
22252 16275 16 67.00 0.00 2 0.00 67 7.02 0 1 
22252 15566 16 67.00 0.00 2 0.00 67 7.02 0 1 
22252 10016 16 67.00 0.00 2 0.00 67 7.02 0 1 
22252 19722 16 67.00 0.00 2 0.00 67 7.02 0 1 
22252 18079 16 67.00 0.00 2 0.00 67 7.02 0 1 
22252 10809 16 60.80 71.58 127 0.00 67 5.09 0 1 
22252 14609 16 67.00 0.00 2 0.00 67 7.02 0 1 
22252 33622 16 60.38 84.75 85 0.00 67 7.60 0 1 
22252 10784 16 67.00 0.00 2 0.00 67 7.02 0 1 
22252 21776 16 67.00 0.00 2 0.00 67 7.02 0 1 
22252 23526 16 67.00 0.00 2 0.00 67 7.02 0 1 
22252 7346 16 67.00 0.00 2 0.00 67 7.02 0 1 
22252 7258 16 57.25 127.14 55 0.00 67 11.75 0 1 
22252 3861 16 56.88 130.35 25 0.00 67 16.47 0 1 
22252 32198 16 67.00 0.00 2 0.00 67 7.02 0 1 
22252 8425 16 67.00 0.00 12 0.00 67 53.85 0 1 
22252 1305 16 64.58 11.09 26 0.00 67 24.70 0 1 
22252 19014 16 62.27 60.93 22 0.00 67 5.63 0 1 
22252 31713 16 61.29 265.04 117 0.00 67 5.49 0 1 
22252 2234 16 67.00 0.00 2 0.00 67 5.12 0 1 
22252 13627 16 67.00 0.00 2 0.00 67 5.12 0 1 
22252 2506 16 67.00 0.00 2 0.00 67 5.12 0 1 
22252 5448 16 67.00 0.00 4 0.00 67 14.79 0 1 
22252 32104 16 64.02 1091.67 92 0.00 67 6.98 0 1 
22252 8811 16 67.00 0.00 2 0.00 67 5.12 0 1 
22252 16275 16 67.00 0.00 2 0.00 67 5.12 0 1 
22252 27330 16 62.62 572.06 114 0.00 67 5.63 0 1 
22252 8468 16 60.95 71.57 123 0.00 67 5.22 0 1 
22252 22771 16 67.00 0.00 4 0.00 67 74.83 0 1 
22252 5041 16 62.16 57.30 55 0.00 67 11.68 0 1 
22252 30671 16 67.00 0.00 7 0.00 67 59.68 0 1 
22252 11271 16 67.00 0.00 2 0.00 67 5.12 0 1 
22252 13061 16 67.00 0.00 4 0.00 67 14.79 0 1 
22252 28145 16 67.00 0.00 2 0.00 67 5.12 0 1 
22252 32112 16 67.00 0.00 2 0.00 67 5.12 0 1 
22252 14532 16 67.00 0.00 2 0.00 67 5.57 0 1 
22252 8275 16 72.57 2456.65 30 0.00 67 5.43 0 1 
22252 15604 16 59.88 89.21 94 0.00 67 6.83 0 1 
22252 15707 16 67.00 0.00 2 0.00 67 5.57 0 1 
22252 10260 16 67.00 0.00 4 0.00 67 23.98 0 1 
22252 28437 16 61.38 66.00 120 0.00 67 5.35 0 1 
22252 17693 16 67.00 0.00 2 0.00 67 5.57 0 1 
22252 11543 16 60.38 79.97 114 0.00 67 5.63 0 1 
22252 11008 16 67.00 0.00 2 0.00 67 5.57 0 1 
22252 24504 16 67.00 0.00 6 0.00 67 63.38 0 1 
22252 8562 16 67.00 0.00 2 0.00 67 5.57 0 1 
22252 31104 16 67.00 0.00 4 0.00 67 21.03 0 1 
22252 2463 16 63.59 1333.77 76 0.00 67 8.45 0 1 
22252 27034 16 67.00 0.00 2 0.00 67 5.57 0 1 
22252 28505 16 67.00 0.00 2 0.00 67 5.57 0 1 
22252 31512 16 57.53 128.13 51 0.00 67 12.59 0 1 
22252 26129 16 60.69 76.16 123 0.00 67 5.22 0 1 
22252 9703 16 69.48 2207.89 77 0.00 67 8.34 0 1 
22252 6122 16 62.14 352.06 132 0.00 67 4.87 0 1 
22252 20292 16 67.00 0.00 2 0.00 67 5.57 0 1 
22252 18053 16 67.00 0.00 2 0.00 67 7.50 0 1 
22252 9733 16 67.00 0.00 2 0.00 67 7.50 0 1 
22252 21789 16 67.00 0.00 2 0.00 67 7.50 0 1 
22252 28038 16 67.00 0.00 2 0.00 67 7.50 0 1 
22252 32657 16 67.00 0.00 2 0.00 67 7.50 0 1 
22252 30813 16 67.00 0.00 2 0.00 67 7.50 0 1 
22252 11547 16 61.05 69.21 111 0.00 67 5.78 0 1 
22252 31713 16 60.95 70.86 113 0.00 67 5.68 0 1 
22252 18594 16 67.00 0.00 2 0.00 67 7.50 0 1 
22252 27489 16 67.00 0.00 2 0.00 67 7.50 0 1 
22252 13563 16 67.00 0.00 2 0.00 67 7.50 0 1 
22252 13297 16 61.05 77.32 88 0.00 67 7.30 0 1 
22252 22128 16 67.00 0.00 2 0.00 67 7.50 0 1 
22252 16308 16 67.00 0.00 2 0.00 67 7.50 0 1 
22252 32198 16 62.69 467.40 101 0.00 67 6.36 0 1 
22252 20185 16 61.33 84.22 24 0.00 67 23.42 0 1 
22252 3643 16 67.00 0.00 2 0.00 67 7.50 0 1 
22252 12272 16 67.00 0.00 2 0.00 67 7.50 0 1 
22252 20262 16 67.00 0.00 4 0.00 67 39.58 0 1 
22252 28840 16 63.73 238.06 101 0.00 67 6.36 0 1 
22252 7168 16 61.00 0.00 1 0.00 61 0.00 0 1 
22252 14446 16 61.00 0.00 1 0.00 61 0.00 0 1 
22252 29500 16 68.97 1170.21 125 0.00 61 5.10 0 1 
22252 27214 16 59.53 598.28 57 0.00 67 11.16 0 1 
22252 10496 16 65.43 2146.53 56 0.00 67 11.36 0 1 
22252 1232 16 65.33 3791.44 54 0.00 67 11.78 0 1 
22252 11547 16 64.88 1206.93 141 0.00 67 4.51 0 1 
22252 7078 16 64.05 969.86 115 0.00 67 5.53 0 1 
22252 32687 16 67.00 0.00 3 0.00 67 165.33 0 1 
22252 8343 16 55.71 132.21 55 0.00 67 11.57 0 1 
22252 16938 16 61.00 0.00 1 0.00 61 0.00 0 1 
22252 30598 16 61.81 153.36 81 0.00 61 7.81 0 1 
22252 19782 16 60.54 82.90 37 0.00 61 10.75 0 1 
22252 7871 16 61.00 0.00 1 0.00 61 0.00 0 1 
22252 2472 16 68.51 886.15 83 0.00 61 7.44 0 1 
22252 4539 16 75.86 7985.71 49 0.00 67 12.51 0 1 
22252 8609 16 67.00 0.00 2 0.00 67 8.51 0 1 
22252 16275 16 67.00 0.00 2 0.00 67 8.51 0 1 
22252 24461 16 67.00 0.00 2 0.00 67 8.51 0 1 
22252 22398 16 71.36 6756.03 59 0.00 67 10.39 0 1 
22252 16891 16 67.00 0.00 2 0.00 67 8.51 0 1 
22252 1610 16 59.77 87.82 111 0.00 67 5.52 0 1 
22252 6349 16 70.90 6655.69 60 0.00 67 10.21 0 1 
22252 4046 16 67.00 0.00 2 0.00 67 8.51 0 1 
22252 15077 16 67.00 0.00 2 0.00 67 8.51 0 1 
22252 17500 9 67.00 0.00 2 0.00 67 8.51 0 1 
22252 19031 16 67.00 0.00 2 0.00 67 8.51 0 1 
22252 12388 16 67.00 0.00 2 0.00 67 8.51 0 1 
22252 9017 16 67.00 0.00 2 0.00 67 8.51 0 1 
22252 33712 16 75.16 3024.66 76 0.00 67 8.06 0 1 
22252 11271 16 67.00 0.00 2 0.00 67 8.56 0 1 
22252 3827 16 67.00 0.00 2 0.00 67 8.56 0 1 
22252 4106 16 62.65 449.19 98 0.00 67 6.25 0 1 
22252 33742 16 63.60 36.77 60 0.00 67 10.21 0 1 
22252 14609 16 67.00 0.00 4 0.00 67 19.86 0 1 
22252 33262 16 67.00 0.00 2 0.00 67 8.51 0 1 
1035 14185 15 58.89 8.10 9 0.00 62 0.12 8 1 
1038 17144 15 58.89 8.10 9 0.00 62 0.31 8 1 
1041 31632 15 633.38 476441.27 254 0.00 62 1.45 253 1 
1044 25246 15 58.89 8.10 9 0.00 62 0.19 8 1 
22252 3390 16 67.00 0.00 2 0.00 67 7.85 0 1 
22252 1065 16 67.00 0.00 2 0.00 67 7.85 0 1 
22252 20262 16 59.86 85.78 106 0.00 67 5.77 0 1 
22252 2592 16 67.00 0.00 2 0.00 67 7.85 0 1 
22252 17011 16 67.00 0.00 2 0.00 67 7.85 0 1 
22252 9154 16 66.49 1234.85 96 0.00 67 6.37 0 1 
22252 14824 16 67.00 0.00 2 0.00 67 7.85 0 1 
22252 1597 16 67.00 0.00 2 0.00 67 7.85 0 1 
22252 8296 16 67.00 0.00 2 0.00 67 7.85 0 1 
22252 33678 16 67.00 0.00 2 0.00 67 7.85 0 1 
22252 16275 16 57.67 125.49 55 0.00 67 11.12 0 1 
22252 25031 16 63.21 1772.67 75 0.00 67 8.16 0 1 
22252 13100 16 79.58 9865.36 59 0.00 67 10.37 0 1 
22252 29689 16 67.00 0.00 2 0.00 67 7.90 0 1 
22252 3531 16 81.48 10322.43 56 0.00 67 10.92 0 1 
22252 2892 16 71.84 4036.76 70 0.00 67 8.74 0 1 
22252 32511 16 63.04 802.07 111 0.00 67 5.51 0 1 
22252 23037 16 62.68 234.11 90 0.00 67 6.80 0 1 
1046 23539 15 62.00 0.00 3 0.00 62 3.04 0 1 
1049 5650 15 58.89 8.10 9 0.00 62 0.07 8 1 
1052 15120 15 58.89 8.10 9 0.00 62 0.06 8 1 
22252 16385 16 67.00 0.00 2 0.00 67 5.94 0 1 
22252 10256 16 56.63 130.98 51 0.00 67 11.92 0 1 
22252 27845 16 67.00 0.00 2 0.00 67 5.94 0 1 
22252 15111 16 60.15 84.13 93 0.00 67 6.54 0 1 
22252 14807 16 59.80 88.65 98 0.00 67 6.20 0 1 
22252 5845 16 65.30 3862.93 53 0.00 67 11.47 0 1 
22252 13683 16 67.00 0.00 2 0.00 67 5.94 0 1 
22252 5845 16 57.14 129.55 49 0.00 67 12.40 0 1 
22252 5504 16 59.38 95.28 92 0.00 67 6.61 0 1 
22252 29067 16 66.18 1940.50 51 0.00 67 11.92 0 1 
22252 2592 16 67.00 0.00 2 0.00 67 5.94 0 1 
22252 5697 16 61.44 301.40 99 0.00 67 6.14 0 1 
22252 4110 16 67.00 0.00 2 0.00 67 5.94 0 1 
22252 25143 16 67.00 0.00 4 0.00 67 86.47 0 1 
22252 29067 16 70.52 4304.02 87 0.00 67 6.99 0 1 
22252 3713 16 78.60 9739.54 60 0.00 67 10.13 0 1 
22252 30813 16 66.65 2818.15 55 0.00 67 11.05 0 1 
22252 4093 16 76.66 3798.96 65 0.00 67 9.35 0 1 
22252 1301 16 64.71 852.15 75 0.00 67 8.10 0 1 
22252 30903 16 62.97 47.58 62 0.00 67 9.80 0 1 
22252 4934 16 84.00 10272.10 60 0.00 67 10.13 0 1 
22252 7477 16 63.63 2758.94 54 0.00 67 11.25 0 1 
22252 24628 16 67.00 0.00 2 0.00 67 7.13 0 1 
22252 16651 16 67.00 0.00 2 0.00 67 7.13 0 1 
22252 33069 16 68.67 2152.85 101 0.00 67 6.01 0 1 
22252 32511 16 67.00 0.00 2 0.00 67 7.13 0 1 
22252 1756 16 58.19 112.04 69 0.00 67 8.79 0 1 
22252 1155 16 86.26 6564.72 107 0.00 67 5.67 0 1 
22252 25842 16 67.00 0.00 4 0.00 67 30.78 0 1 
22252 27918 16 67.00 0.00 2 0.00 67 7.13 0 1 
22252 5564 16 67.00 0.00 2 0.00 67 7.13 0 1 
22252 33382 16 67.00 0.00 2 0.00 67 7.13 0 1 
22252 6422 16 67.00 0.00 2 0.00 67 7.13 0 1 
22252 30255 16 67.00 0.00 2 0.00 67 7.13 0 1 
1057 53 10 88.14 1415.87 486 0.00 67 1.24 0 1 
1061 53 10 90.77 1029.43 569 0.01 77 0.71 0 1 
1056 53 10 90.66 1184.07 604 0.01 70 0.98 0 1 
1065 53 10 142.00 4096.00 2 0.00 78 0.14 0 1 
1068 53 10 157.00 6889.00 2 0.00 74 0.06 0 1 
1071 53 10 129.50 3080.25 2 0.00 74 0.03 0 1 
1074 53 10 188.00 12769.00 2 0.00 75 0.03 0 1 
1077 53 10 206.00 16129.00 2 0.00 79 0.03 0 1 
1080 25 15 105.58 34654.09 26 0.00 62 0.01 25 1 
1083 25 15 106.00 35737.15 26 0.00 62 0.01 25 1 
1086 53 10 134.00 3136.00 2 0.00 78 0.04 0 1 
1089 25 15 109.88 37301.78 24 0.00 62 0.01 23 1 
1092 53 10 149.50 6480.25 2 0.00 69 0.13 0 1 
1093 53 10 150.00 5929.00 2 0.00 73 0.13 0 1 
1097 25 15 106.24 33096.50 25 0.00 62 0.01 24 1 
1100 25 15 108.88 36406.53 24 0.00 62 0.00 23 1 
1103 53 10 206.00 16129.00 2 0.00 79 0.03 0 1 
1106 25 15 107.29 32613.46 24 0.00 62 0.00 23 1 
1109 25 15 107.54 33118.58 24 0.00 62 0.00 23 1 
1113 53 10 308.00 58081.00 2 0.00 67 0.04 0 1 
1115 53 10 127.50 2070.25 2 0.00 82 0.15 0 1 
1118 53 10 148.50 4422.25 2 0.00 82 0.06 0 1 
1121 53 10 188.00 12769.00 2 0.00 75 0.04 0 1 
1124 53 10 124.00 1849.00 2 0.00 81 0.03 0 1 
1127 25 15 105.17 29118.39 24 0.00 62 0.01 23 1 
1130 53 10 197.50 13572.25 2 0.00 81 0.07 0 1 
1133 53 10 204.00 17424.00 2 0.00 72 0.04 0 1 
1136 53 10 311.00 58564.00 2 0.00 69 0.03 0 1 
1139 53 10 206.00 16129.00 2 0.00 79 0.03 0 1 
1142 25 15 108.25 33911.52 24 0.00 62 0.01 23 1 
1146 53 10 310.00 52900.00 2 0.00 80 0.04 0 1 
1148 25 15 106.42 30981.66 24 0.00 62 0.00 23 1 
1151 25 15 109.79 37072.75 24 0.00 62 0.00 23 1 
1154 53 10 130.50 4032.25 2 0.00 67 0.11 0 1 
1158 53 10 154.50 6642.25 2 0.00 73 0.14 0 1 
1160 25 15 107.17 32690.14 24 0.00 62 0.00 23 1 
1163 53 10 188.00 10609.00 2 0.00 85 0.29 0 1 
1166 25 15 109.96 37455.79 24 0.00 62 0.00 23 1 
1169 53 10 307.00 55696.00 2 0.00 71 0.04 0 1 
1172 25 15 109.96 37455.79 24 0.00 62 0.00 23 1 
1174 53 10 173.00 7396.00 2 0.00 87 0.05 0 1 
1178 53 10 185.50 14042.25 2 0.00 67 0.22 0 1 
1181 25 15 105.29 29744.46 24 0.00 62 0.00 23 1 
1184 53 10 188.00 12769.00 2 0.00 75 0.05 0 1 
1187 25 15 107.08 31605.24 24 0.00 62 0.01 23 1 
1190 53 10 221.50 20880.25 2 0.00 77 0.12 0 1 
1193 25 15 108.79 35030.33 24 0.00 62 0.00 23 1 
1196 53 10 99.00 784.00 2 0.00 71 0.10 0 1 
1199 53 10 117.50 2070.25 2 0.00 72 0.04 0 1 
1202 53 10 117.50 2070.25 2 0.00 72 0.03 0 1 
1205 53 10 129.00 2500.00 2 0.00 79 0.18 0 1 
1208 53 10 314.50 55932.25 2 0.00 78 0.03 0 1 
1211 53 10 140.50 4422.25 2 0.00 74 0.03 0 1 
1214 25 15 105.25 30238.35 24 0.00 62 0.00 23 1 
1217 53 10 140.00 3969.00 2 0.00 77 0.04 0 1 
1220 25 15 108.25 34436.85 24 0.00 62 0.00 23 1 
1223 25 15 108.04 34295.12 24 0.00 62 0.01 23 1 
1226 53 10 229.00 25281.00 2 0.00 70 0.05 0 1 
1229 25 15 105.21 29328.16 24 0.00 62 0.00 23 1 
1232 53 10 247.00 23409.00 2 0.00 94 0.25 0 1 
1236 53 10 158.50 6480.25 2 0.00 78 0.21 0 1 
1238 25 15 105.08 29890.66 24 0.00 62 0.00 23 1 
1241 53 10 156.00 4489.00 2 0.00 89 0.03 0 1 
1244 25 15 107.00 31747.92 24 0.00 62 0.01 23 1 
1247 53 10 311.00 58564.00 2 0.00 69 0.05 0 1 
1250 53 10 311.00 58564.00 2 0.00 69 0.04 0 1 
1253 53 10 143.50 4422.25 2 0.00 77 0.03 0 1 
1256 53 10 128.00 2401.00 2 0.00 79 0.03 0 1 
1259 53 10 82.00 64.00 2 0.00 74 0.14 0 1 
1262 25 15 109.83 35907.47 24 0.00 62 0.01 23 1 
1265 25 15 107.92 33923.58 24 0.00 62 0.01 23 1 
1269 53 10 196.00 15876.00 2 0.00 70 0.06 0 1 
1268 53 10 138.00 4761.00 2 0.00 69 0.04 0 1 
1274 53 10 151.00 4356.00 2 0.00 85 0.17 0 1 
1277 53 10 114.00 1681.00 2 0.00 73 0.03 0 1 
1280 25 15 105.54 30652.58 24 0.00 62 0.00 23 1 
22252 22943 16 67.00 0.00 2 0.00 67 3.62 0 1 
22252 25932 16 67.00 0.00 2 0.00 67 3.62 0 1 
22252 6212 16 67.00 0.00 2 0.00 67 3.62 0 1 
1281 25 15 108.21 34970.58 24 0.00 62 0.01 23 1 
1284 25 15 102.54 29248.09 26 0.00 62 0.01 25 1 
1287 53 10 188.00 12769.00 2 0.00 75 0.05 0 1 
1290 53 10 137.50 3782.25 2 0.00 76 0.16 0 1 
1293 25 15 102.92 30109.38 26 0.00 62 0.01 25 1 
1296 53 10 125.00 2209.00 2 0.00 78 0.13 0 1 
1299 25 15 107.50 33196.17 24 0.00 62 0.00 23 1 
1302 53 10 120.50 2070.25 2 0.00 75 0.16 0 1 
1305 53 10 149.00 5625.00 2 0.00 74 0.23 0 1 
1308 25 15 105.88 31212.78 24 0.00 62 0.00 23 1 
1310 53 10 221.50 14520.25 2 0.00 101 0.07 0 1 
1314 25 15 107.58 32895.58 24 0.00 62 0.01 23 1 
1317 25 15 109.83 35908.81 24 0.00 62 0.00 23 1 
1320 25 15 106.88 32408.69 24 0.00 62 0.00 23 1 
1323 53 10 125.00 1764.00 2 0.00 83 0.04 0 1 
1326 53 10 105.50 1406.25 2 0.00 68 0.14 0 1 
1329 53 10 119.00 2401.00 2 0.00 70 0.03 0 1 
1332 25 15 109.33 35844.47 24 0.00 62 0.00 23 1 
1335 53 10 148.50 4422.25 2 0.00 82 0.06 0 1 
1338 53 10 125.50 2450.25 2 0.00 76 0.04 0 1 
1341 53 10 87.00 64.00 2 0.00 79 0.15 0 1 
1344 53 10 197.50 13572.25 2 0.00 81 0.04 0 1 
1348 53 10 122.00 2304.00 2 0.00 74 0.07 0 1 
1350 25 15 110.04 36132.21 24 0.00 62 0.00 23 1 
1352 53 10 128.50 2970.25 2 0.00 74 0.32 0 1 
1356 53 10 172.50 10100.25 2 0.00 72 0.17 0 1 
1359 53 10 151.50 4422.25 2 0.00 85 0.03 0 1 
1362 25 15 109.38 36697.40 24 0.00 62 0.00 23 1 
1365 25 15 110.67 37982.64 24 0.00 62 0.01 23 1 
1368 53 10 206.00 16129.00 2 0.00 79 0.04 0 1 
1371 53 10 170.00 10609.00 2 0.00 67 0.06 0 1 
1374 25 15 107.88 34225.69 24 0.00 62 0.01 23 1 
1377 53 10 115.00 1764.00 2 0.00 73 0.04 0 1 
1380 53 10 126.00 2916.00 2 0.00 72 0.03 0 1 
1383 53 10 118.00 1764.00 2 0.00 76 0.12 0 1 
1386 25 15 110.25 37759.10 24 0.00 62 0.00 23 1 
1389 53 10 311.00 58564.00 2 0.00 69 0.04 0 1 
1392 53 10 311.00 58564.00 2 0.00 69 0.04 0 1 
1395 53 10 206.00 16129.00 2 0.00 79 0.03 0 1 
1398 25 15 107.50 33046.17 24 0.00 62 0.00 23 1 
1401 25 15 107.96 34449.46 24 0.00 62 0.00 23 1 
1404 53 10 120.50 2256.25 2 0.00 73 0.03 0 1 
1408 53 10 158.00 6724.00 2 0.00 76 0.04 0 1 
1410 25 15 107.33 32907.64 24 0.00 62 0.00 23 1 
1413 53 10 214.00 18225.00 2 0.00 79 0.04 0 1 
1416 53 10 165.50 6972.25 2 0.00 82 0.04 0 1 
1419 53 10 114.00 2209.00 2 0.00 67 0.03 0 1 
1422 53 10 127.00 2500.00 2 0.00 77 0.03 0 1 
1425 53 10 152.00 6561.00 2 0.00 71 0.19 0 1 
1428 53 10 67.00 0.00 6 0.00 67 9.60 0 1 
1431 53 10 229.00 25281.00 2 0.00 70 0.04 0 1 
1434 25 15 106.17 30699.39 24 0.00 62 0.01 23 1 
1437 25 15 109.46 35613.50 24 0.00 62 0.00 23 1 
1440 25 15 107.17 32469.22 24 0.00 62 0.00 23 1 
1442 53 10 231.00 24964.00 2 0.00 73 0.14 0 1 
1446 53 10 128.50 2970.25 2 0.00 74 0.22 0 1 
1449 53 10 214.00 18225.00 2 0.00 79 0.04 0 1 
1452 53 10 322.00 53361.00 2 0.00 91 0.05 0 1 
1455 25 15 106.67 31687.14 24 0.00 62 0.00 23 1 
1458 25 15 102.58 25709.74 24 0.00 62 0.00 23 1 
1461 25 15 107.88 33107.44 24 0.00 62 0.00 23 1 
1464 25 15 108.29 33244.04 24 0.00 62 0.00 23 1 
1467 53 10 179.50 11556.25 2 0.00 72 0.07 0 1 
22252 33712 16 67.00 0.00 2 0.00 67 6.66 0 1 
22252 15750 16 67.00 0.00 2 0.00 67 6.66 0 1 
22252 27918 16 59.01 104.97 75 0.00 67 7.95 0 1 
22252 1108 16 57.63 127.71 27 0.00 67 22.09 0 1 
22252 32884 16 67.00 0.00 2 0.00 67 6.66 0 1 
22252 12894 16 67.00 0.00 2 0.00 67 6.66 0 1 
22252 22921 16 61.89 91.43 9 0.00 67 8.67 0 1 
22252 8609 16 67.00 0.00 2 0.00 67 6.66 0 1 
22252 11075 16 67.00 0.00 2 0.00 67 6.66 0 1 
22252 10256 16 69.72 2593.15 53 0.00 67 11.25 0 1 
1470 25 15 108.21 34514.33 24 0.00 62 0.03 23 1 
22252 7880 16 57.21 129.32 47 0.00 67 12.69 0 1 
22252 29140 16 60.43 107.96 7 0.00 67 9.07 0 1 
22252 6349 16 67.00 0.00 2 0.00 67 6.66 0 1 
22252 8343 16 67.00 0.00 2 0.00 67 6.66 0 1 
22252 8948 16 67.00 0.00 2 0.00 67 6.66 0 1 
22252 31362 16 67.00 0.00 2 0.00 67 6.66 0 1 
22252 32327 16 67.00 0.00 2 0.00 67 6.66 0 1 
22252 11204 16 67.00 0.00 2 0.00 67 6.66 0 1 
22252 4299 16 67.00 0.00 2 0.00 67 6.66 0 1 
22252 12021 16 56.38 131.47 52 0.00 67 11.47 0 1 
22252 16275 16 67.00 0.00 2 0.00 67 6.66 0 1 
22252 12182 16 60.75 72.71 119 0.00 67 5.01 0 1 
22252 3853 16 67.00 0.00 2 0.00 67 6.66 0 1 
22252 20142 16 67.00 0.00 2 0.00 67 6.66 0 1 
22252 21510 16 67.00 0.00 2 0.00 67 6.66 0 1 
22252 9703 16 67.00 0.00 2 0.00 67 6.66 0 1 
22252 16196 16 67.00 0.00 2 0.00 67 6.66 0 1 
22252 28758 16 67.00 0.00 2 0.00 67 6.66 0 1 
1471 53 10 169.00 16200.00 3 0.00 79 0.38 0 1 
1474 25 15 104.96 28303.87 24 0.00 62 0.03 23 1 
22252 10908 16 67.00 0.00 5 0.00 67 119.25 0 1 
22252 9999 16 63.41 1369.48 74 0.00 67 8.06 0 1 
22252 6336 16 59.83 93.02 82 0.00 67 7.27 0 1 
22252 15257 16 67.00 0.00 2 0.00 67 6.66 0 1 
22252 8811 16 67.00 0.00 2 0.00 67 6.66 0 1 
22252 9566 16 89.20 6809.79 59 0.00 67 10.11 0 1 
22252 12868 16 64.36 662.05 97 0.00 67 6.15 0 1 
22252 3548 16 59.22 100.58 69 0.00 67 8.64 0 1 
22252 23423 16 67.00 0.00 2 0.00 67 6.66 0 1 
22252 22780 16 64.82 671.96 118 0.00 67 5.05 0 1 
22252 11684 16 67.00 0.00 2 0.00 67 6.66 0 1 
22252 8292 16 67.00 0.00 2 0.00 67 6.66 0 1 
22252 52371 16 67.00 0.00 9 0.00 67 66.25 0 1 
22252 32318 16 67.00 0.00 2 0.00 67 6.66 0 1 
22252 21510 16 67.00 0.00 2 0.00 67 6.66 0 1 
22252 22295 16 67.00 0.00 2 0.00 67 6.66 0 1 
22252 10072 16 67.00 0.00 2 0.00 67 6.66 0 1 
22252 24234 16 67.00 0.00 2 0.00 67 6.66 0 1 
22252 26644 16 58.24 124.75 42 0.00 67 14.20 0 1 
22252 10342 16 67.00 0.00 2 0.00 67 6.66 0 1 
22252 30843 16 63.04 1361.43 46 0.00 67 12.96 0 1 
22252 13563 16 63.94 2857.32 52 0.00 67 11.46 0 1 
22252 20232 16 67.00 0.00 2 0.00 67 6.66 0 1 
22252 13314 16 67.00 0.00 2 0.00 67 6.66 0 1 
22252 19306 16 60.14 80.50 111 0.00 67 5.37 0 1 
22252 20601 16 68.73 4903.95 41 0.00 67 14.54 0 1 
22252 1421 16 64.05 1167.16 74 0.00 67 8.06 0 1 
22252 22737 16 67.00 0.00 2 0.00 67 6.66 0 1 
22252 12675 16 67.00 0.00 2 0.00 67 6.66 0 1 
22252 29749 16 67.00 0.00 2 0.00 67 6.66 0 1 
22252 15360 16 69.29 3693.05 52 0.00 67 11.46 0 1 
22252 16891 16 66.33 1049.65 46 0.00 67 12.96 0 1 
22252 20112 16 58.91 113.84 33 0.00 67 17.76 0 1 
22252 18332 16 67.00 0.00 2 0.00 67 6.71 0 1 
22252 7194 16 67.00 0.00 2 0.00 67 6.66 0 1 
22252 11191 16 57.80 126.96 15 0.00 67 8.42 0 1 
22252 15750 16 67.00 0.00 2 0.00 67 6.66 0 1 
1476 25 15 102.67 25772.47 24 0.00 62 0.22 23 1 
1479 53 10 137.50 3422.25 2 0.00 79 0.08 0 1 
1481 53 10 117.50 2256.25 2 0.00 70 0.19 0 1 
1485 25 15 102.12 25140.28 24 0.00 62 0.00 23 1 
1488 53 10 206.00 16129.00 2 0.00 79 0.04 0 1 
1491 25 15 108.62 33975.57 24 0.00 62 0.00 23 1 
1494 53 10 206.00 16129.00 2 0.00 79 0.04 0 1 
1496 53 10 71.00 0.00 6 0.00 71 9.82 0 1 
1500 53 10 179.00 8464.00 2 0.00 87 0.04 0 1 
1503 53 10 132.50 2756.25 2 0.00 80 0.03 0 1 
1506 25 15 106.75 31038.35 24 0.00 62 0.00 23 1 
1509 25 15 104.71 27833.62 24 0.00 62 0.01 23 1 
1512 53 10 141.00 4624.00 2 0.00 73 0.20 0 1 
1515 25 15 101.19 27580.23 26 0.00 62 0.01 25 1 
1518 53 10 150.50 4290.25 4 0.00 85 0.28 0 1 
1521 25 15 103.00 26549.58 24 0.00 62 0.00 23 1 
1524 53 10 190.00 13456.00 2 0.00 74 0.04 0 1 
1527 53 10 311.00 58564.00 2 0.00 69 0.03 0 1 
1530 53 10 154.00 5329.00 2 0.00 81 0.04 0 1 
1533 53 10 154.00 5329.00 2 0.00 81 0.05 0 1 
1536 25 15 102.62 24999.90 24 0.00 62 0.01 23 1 
1539 25 15 104.71 28172.79 24 0.00 62 0.00 23 1 
1542 53 10 161.00 7396.00 2 0.00 75 0.03 0 1 
1545 53 10 161.00 7396.00 2 0.00 75 0.04 0 1 
1548 53 10 130.50 3422.25 2 0.00 72 0.03 0 1 
1551 25 15 104.58 27701.83 24 0.00 62 0.00 23 1 
1554 53 10 162.00 6889.00 2 0.00 79 0.12 0 1 
1557 53 10 158.00 5776.00 2 0.00 82 0.03 0 1 
1560 25 15 102.96 25631.37 24 0.00 62 0.00 23 1 
1565 53 10 136.00 3721.00 2 0.00 75 0.03 0 1 
1566 25 15 105.50 29595.92 24 0.00 62 0.00 23 1 
1569 25 15 103.50 26996.83 24 0.00 62 0.00 23 1 
1572 53 10 185.00 11664.00 2 0.00 77 0.12 0 1 
1575 53 10 138.00 4624.00 2 0.00 70 0.11 0 1 
1578 53 10 106.67 773.56 3 0.00 87 0.52 0 1 
1581 25 15 105.33 29392.64 24 0.00 62 0.00 23 1 
1584 53 10 308.00 58081.00 2 0.00 67 0.04 0 1 
1587 53 10 142.00 3481.00 2 0.00 83 0.03 0 1 
1590 53 10 127.00 1764.00 2 0.00 85 0.03 0 1 
1593 25 15 105.00 28448.92 24 0.00 62 0.00 23 1 
1597 53 10 144.50 4422.25 2 0.00 78 0.07 0 1 
1599 53 10 311.00 58564.00 2 0.00 69 0.03 0 1 
1602 53 10 206.00 16129.00 2 0.00 79 0.03 0 1 
1605 25 15 102.19 28595.92 26 0.00 62 0.01 25 1 
1608 53 10 119.00 2116.00 2 0.00 73 0.03 0 1 
1612 53 10 183.50 12210.25 2 0.00 73 0.08 0 1 
1614 53 10 308.00 58081.00 2 0.00 67 0.05 0 1 
1617 53 10 117.00 1849.00 2 0.00 74 0.04 0 1 
1620 53 10 117.00 1764.00 2 0.00 75 0.04 0 1 
1623 25 15 105.75 29451.02 24 0.00 62 0.00 23 1 
1626 25 15 105.25 29053.02 24 0.00 62 0.00 23 1 
1630 53 10 151.00 6400.00 2 0.00 71 0.09 0 1 
1632 53 10 133.00 3481.00 2 0.00 74 0.03 0 1 
1635 25 15 104.50 28042.17 24 0.00 62 0.00 23 1 
1638 53 10 131.00 3025.00 2 0.00 76 0.05 0 1 
1641 25 15 104.33 28320.64 24 0.00 62 0.00 23 1 
1644 53 10 231.50 22952.25 2 0.00 80 0.06 0 1 
1647 25 15 104.38 28045.57 24 0.00 62 0.01 23 1 
1650 53 10 214.00 18225.00 2 0.00 79 0.05 0 1 
1653 53 10 315.00 53361.00 2 0.00 84 0.04 0 1 
1656 53 10 92.50 272.25 2 0.00 76 0.11 0 1 
1660 53 10 130.00 2704.00 2 0.00 78 0.04 0 1 
1663 25 15 103.33 31893.85 27 0.00 62 0.01 26 1 
1666 25 15 103.68 28307.02 25 0.00 62 0.01 24 1 
1669 53 10 225.00 24025.00 2 0.00 70 0.04 0 1 
1672 53 10 113.00 1849.00 2 0.00 70 0.03 0 1 
1675 25 15 102.68 27742.22 25 0.00 62 0.01 24 1 
1678 53 10 200.00 16641.00 2 0.00 71 0.30 0 1 
1681 53 10 132.50 3906.25 2 0.00 70 0.03 0 1 
1684 25 15 105.04 29751.04 24 0.00 62 0.01 23 1 
1687 53 10 151.50 4422.25 2 0.00 85 0.04 0 1 
1690 53 10 258.50 35910.25 2 0.00 69 0.03 0 1 
1693 53 10 214.50 16256.25 2 0.00 87 0.03 0 1 
1696 53 10 162.50 7482.25 2 0.00 76 0.03 0 1 
1699 53 10 207.00 17424.00 2 0.00 75 0.04 0 1 
1702 53 10 306.50 53592.25 2 0.00 75 0.03 0 1 
1706 53 10 119.50 2652.25 2 0.00 68 0.12 0 1 
1708 53 10 206.00 16129.00 2 0.00 79 0.04 0 1 
1711 25 15 106.21 30487.58 24 0.00 62 0.00 23 1 
1714 53 10 128.50 2352.25 2 0.00 80 0.03 0 1 
1717 53 10 130.00 3249.00 2 0.00 73 0.03 0 1 
1720 53 10 188.00 12769.00 2 0.00 75 0.06 0 1 
1723 53 10 139.50 4422.25 2 0.00 73 0.13 0 1 
1726 25 15 106.46 30137.75 24 0.00 62 0.00 23 1 
1729 25 15 107.46 30957.83 24 0.00 62 0.00 23 1 
1732 25 15 103.71 26925.54 24 0.00 62 0.00 23 1 
1735 53 10 124.50 2756.25 2 0.00 72 0.11 0 1 
1738 53 10 200.00 17956.00 2 0.00 66 0.06 0 1 
1741 25 15 105.54 30155.25 24 0.00 62 0.01 23 1 
1744 53 10 141.00 4225.00 2 0.00 76 0.05 0 1 
1747 53 10 127.50 3306.25 2 0.00 70 0.19 0 1 
1750 25 15 107.38 32389.40 24 0.00 62 0.00 23 1 
1753 53 10 154.50 7482.25 2 0.00 68 0.03 0 1 
1756 25 15 104.00 27449.17 24 0.00 62 0.00 23 1 
1759 53 10 176.00 11449.00 2 0.00 69 0.08 0 1 
1762 53 10 101.50 1260.25 2 0.00 66 0.05 0 1 
1765 53 10 170.50 9312.25 2 0.00 74 0.03 0 1 
1768 25 15 103.88 27724.28 24 0.00 62 0.00 23 1 
1771 25 15 103.96 27788.79 24 0.00 62 0.00 23 1 
1775 53 10 153.50 6162.25 2 0.00 75 0.08 0 1 
1777 53 10 164.50 8742.25 2 0.00 71 0.03 0 1 
1780 53 10 134.50 2450.25 2 0.00 85 0.03 0 1 
1783 53 10 121.00 1764.00 2 0.00 79 0.10 0 1 
1787 53 10 224.50 23562.25 2 0.00 71 0.04 0 1 
1790 53 10 144.50 3906.25 2 0.00 82 0.03 0 1 
1793 53 10 163.50 7656.25 2 0.00 76 0.03 0 1 
1796 53 10 314.50 57360.25 2 0.00 75 0.04 0 1 
1799 53 10 145.00 5776.00 2 0.00 69 0.05 0 1 
1802 53 10 209.00 16129.00 2 0.00 82 0.04 0 1 
1805 25 15 103.79 26788.41 24 0.00 62 0.00 23 1 
1808 25 15 104.92 28102.66 24 0.00 62 0.01 23 1 
1811 53 10 122.00 3136.00 2 0.00 66 0.09 0 1 
1814 53 10 212.50 19460.25 2 0.00 73 0.15 0 1 
1817 53 10 143.50 5852.25 2 0.00 67 0.04 0 1 
1820 25 15 103.92 26984.58 24 0.00 62 0.00 23 1 
1823 53 10 214.00 18225.00 2 0.00 79 0.03 0 1 
1826 25 15 103.92 27389.24 24 0.00 62 0.00 23 1 
1829 25 15 104.58 28311.41 24 0.00 62 0.00 23 1 
1832 53 10 159.00 4900.00 2 0.00 89 0.14 0 1 
1835 53 10 136.00 3249.00 2 0.00 79 0.15 0 1 
1838 53 10 188.00 12769.00 2 0.00 75 0.03 0 1 
1841 53 10 124.00 2500.00 2 0.00 74 0.03 0 1 
1844 25 15 102.96 26485.37 24 0.00 62 0.00 23 1 
1847 53 10 141.00 5041.00 2 0.00 70 0.23 0 1 
1850 25 15 103.67 26659.72 24 0.00 62 0.00 23 1 
1853 53 10 164.50 8742.25 2 0.00 71 0.04 0 1 
1856 25 15 105.08 28708.74 24 0.00 62 0.00 23 1 
1859 53 10 159.50 6806.25 2 0.00 77 0.03 0 1 
1862 53 10 113.75 6007.69 4 0.00 69 0.89 0 1 
1865 53 10 83.50 330.75 4 0.00 73 0.88 0 1 
1868 53 10 125.50 2862.25 2 0.00 72 0.04 0 1 
1871 53 10 141.00 5625.00 2 0.00 66 0.04 0 1 
1874 53 10 120.50 2162.25 2 0.00 74 0.04 0 1 
1877 25 15 103.38 26602.32 24 0.00 62 0.00 23 1 
1880 53 10 119.50 2862.25 2 0.00 66 0.05 0 1 
1883 53 10 159.50 8372.25 2 0.00 68 0.03 0 1 
1886 25 15 104.96 28302.21 24 0.00 62 0.00 23 1 
1889 25 15 102.12 24437.03 24 0.00 62 0.00 23 1 
1892 53 10 242.00 28900.00 2 0.00 72 0.13 0 1 
1895 53 10 138.50 4290.25 2 0.00 73 0.08 0 1 
1898 25 15 102.38 25455.07 24 0.00 62 0.00 23 1 
1902 25 15 104.88 28920.03 24 0.00 62 0.00 23 1 
1905 53 10 188.00 12769.00 2 0.00 75 0.03 0 1 
1908 25 15 106.62 31760.40 24 0.00 62 0.00 23 1 
1911 53 10 122.50 2970.25 2 0.00 68 0.12 0 1 
1914 53 10 127.00 2704.00 2 0.00 75 0.25 0 1 
1917 53 10 182.00 12544.00 2 0.00 70 0.19 0 1 
1920 53 10 159.50 8556.25 2 0.00 67 0.04 0 1 
1923 53 10 135.50 3660.25 2 0.00 75 0.07 0 1 
1926 25 15 102.04 24503.12 24 0.00 62 0.00 23 1 
1929 53 10 119.00 1936.00 2 0.00 75 0.31 0 1 
1932 53 10 206.50 14280.25 2 0.00 87 0.39 0 1 
1935 53 10 169.00 16200.00 3 0.00 79 0.36 0 1 
1938 53 10 97.00 1250.00 3 0.00 72 0.47 0 1 
1941 53 10 131.50 2352.25 2 0.00 83 0.06 0 1 
1944 25 15 106.21 31055.58 24 0.00 62 0.00 23 1 
1947 53 10 130.50 3306.25 2 0.00 73 0.04 0 1 
1950 25 15 104.38 28388.82 24 0.00 62 0.00 23 1 
1953 53 10 117.00 1600.00 2 0.00 77 0.03 0 1 
1956 53 10 181.00 11664.00 2 0.00 73 0.03 0 1 
1959 25 15 103.83 26457.56 24 0.00 62 0.00 23 1 
1962 53 10 323.00 53361.00 2 0.00 92 0.07 0 1 
1965 53 10 151.50 4422.25 2 0.00 85 0.04 0 1 
1968 53 10 312.00 53361.00 2 0.00 81 0.04 0 1 
1971 53 10 292.50 48180.25 2 0.00 73 0.16 0 1 
1974 53 10 88.00 48.00 4 0.00 84 0.92 0 1 
1977 25 15 104.00 27787.92 24 0.00 62 0.00 23 1 
1980 25 15 105.42 29876.91 24 0.00 62 0.00 23 1 
1983 53 10 146.00 5184.00 2 0.00 74 0.04 0 1 
1986 53 10 142.50 4556.25 2 0.00 75 0.04 0 1 
1989 25 15 103.79 27187.58 24 0.00 62 0.00 23 1 
1992 25 15 105.33 29809.81 24 0.00 62 0.00 23 1 
1995 53 10 311.00 58564.00 2 0.00 69 0.04 0 1 
1998 53 10 146.00 5329.00 2 0.00 73 0.04 0 1 
2001 53 10 214.00 18225.00 2 0.00 79 0.04 0 1 
2004 53 10 140.50 3906.25 2 0.00 78 0.03 0 1 
2007 25 15 103.75 26922.10 24 0.00 62 0.00 23 1 
2010 53 10 194.50 15500.25 2 0.00 70 0.06 0 1 
2013 53 10 224.00 24025.00 2 0.00 69 0.05 0 1 
2016 53 10 154.50 6642.25 2 0.00 73 0.04 0 1 
2019 53 10 316.00 53361.00 2 0.00 85 0.04 0 1 
2022 53 10 121.33 3930.89 3 0.00 77 0.38 0 1 
2025 53 10 145.00 3364.00 2 0.00 87 0.17 0 1 
2028 53 10 296.00 52441.00 2 0.00 67 0.04 0 1 
2031 53 10 206.00 16129.00 2 0.00 79 0.03 0 1 
2034 25 15 105.04 29260.87 24 0.00 62 0.00 23 1 
2036 53 10 140.50 4422.25 2 0.00 74 0.03 0 1 
2040 53 10 131.50 1980.25 2 0.00 87 0.05 0 1 
2043 53 10 126.50 2256.25 2 0.00 79 0.03 0 1 
2046 53 10 311.00 58564.00 2 0.00 69 0.06 0 1 
2050 53 10 148.00 6400.00 2 0.00 68 0.10 0 1 
2052 25 15 101.75 24322.35 24 0.00 62 0.00 23 1 
2055 53 10 159.00 6241.00 2 0.00 80 0.12 0 1 
2058 25 15 103.83 27793.89 24 0.00 62 0.00 23 1 
2061 53 10 266.50 38612.25 2 0.00 70 0.03 0 1 
2064 25 15 107.67 31805.06 24 0.00 62 0.00 23 1 
2067 53 10 151.50 4422.25 2 0.00 85 0.03 0 1 
2071 53 10 88.67 227.56 3 0.00 78 0.48 0 1 
2073 25 15 106.83 30699.06 24 0.00 62 0.00 23 1 
2076 53 10 131.00 3600.00 2 0.00 71 0.22 0 1 
2079 53 10 320.00 53361.00 2 0.00 89 0.03 0 1 
2082 53 10 124.00 2916.00 2 0.00 70 0.16 0 1 
2085 25 15 105.79 30006.41 24 0.00 62 0.00 23 1 
2088 53 10 188.00 12769.00 2 0.00 75 0.03 0 1 
2091 53 10 116.00 2116.00 2 0.00 70 0.03 0 1 
2094 25 15 105.83 30570.14 24 0.00 62 0.00 23 1 
2097 53 10 145.50 4290.25 2 0.00 80 0.06 0 1 
2100 25 15 105.79 29865.08 24 0.00 62 0.00 23 1 
2103 25 15 105.58 29804.41 24 0.00 62 0.00 23 1 
2106 53 10 313.00 53361.00 2 0.00 82 0.04 0 1 
2109 53 10 128.50 2352.25 2 0.00 80 0.04 0 1 
2112 53 10 143.50 4032.25 2 0.00 80 0.05 0 1 
2115 53 10 126.00 2304.00 2 0.00 78 0.03 0 1 
2119 53 10 87.50 342.25 2 0.00 69 0.25 0 1 
2121 53 10 188.00 12769.00 2 0.00 75 0.05 0 1 
2124 25 15 103.79 27727.25 24 0.00 62 0.00 23 1 
2127 53 10 183.00 11025.00 2 0.00 78 0.07 0 1 
2130 25 15 106.29 30554.37 24 0.00 62 0.01 23 1 
2133 53 10 188.00 12769.00 2 0.00 75 0.05 0 1 
2136 25 15 103.54 26995.50 24 0.00 62 0.01 23 1 
2140 53 10 120.00 3698.00 3 0.00 77 0.38 0 1 
2142 53 10 155.00 5776.00 2 0.00 79 0.12 0 1 
2145 25 15 105.67 28971.31 24 0.00 62 0.00 23 1 
2148 53 10 121.00 1764.00 2 0.00 79 0.03 0 1 
2151 25 15 108.17 33395.47 24 0.00 62 0.01 23 1 
2154 25 15 104.17 27578.56 24 0.00 62 0.01 23 1 
2157 25 15 104.33 27981.97 24 0.00 62 0.00 23 1 
2160 53 10 189.00 13924.00 2 0.00 71 0.14 0 1 
2163 53 10 147.50 5550.25 2 0.00 73 0.14 0 1 
2166 25 15 104.33 27978.97 24 0.00 62 0.00 23 1 
2169 53 10 311.00 58564.00 2 0.00 69 0.03 0 1 
2172 53 10 183.50 11556.25 2 0.00 76 0.03 0 1 
2175 25 15 105.75 30643.35 24 0.00 62 0.00 23 1 
2178 25 15 109.71 37151.54 24 0.00 62 0.00 23 1 
2181 25 15 103.96 26982.46 24 0.00 62 0.00 23 1 
2183 53 10 311.00 58564.00 2 0.00 69 0.12 0 1 
2187 53 10 319.00 53361.00 2 0.00 88 0.12 0 1 
2190 53 10 206.00 16129.00 2 0.00 79 0.03 0 1 
2193 53 10 122.50 2450.25 2 0.00 73 0.05 0 1 
2196 53 10 122.50 2450.25 2 0.00 73 0.03 0 1 
2199 53 10 167.50 9312.25 2 0.00 71 0.19 0 1 
2202 25 15 104.79 28374.33 24 0.00 62 0.00 23 1 
2205 53 10 318.50 53592.25 2 0.00 87 0.05 0 1 
2209 53 10 123.00 3364.00 2 0.00 65 0.03 0 1 
2211 25 15 108.46 34959.33 24 0.00 62 0.00 23 1 
2214 53 10 162.00 7225.00 2 0.00 77 0.03 0 1 
2217 53 10 233.50 25760.25 2 0.00 73 0.03 0 1 
2220 25 15 103.71 27529.04 24 0.00 62 0.00 23 1 
2223 53 10 188.00 12769.00 2 0.00 75 0.03 0 1 
2226 53 10 144.00 3481.00 2 0.00 85 0.03 0 1 
2229 25 15 103.84 28379.81 25 0.00 62 0.01 24 1 
2233 53 10 167.50 9312.25 2 0.00 71 0.10 0 1 
2235 53 10 214.00 18225.00 2 0.00 79 0.04 0 1 
2238 25 15 102.79 26094.50 24 0.00 62 0.01 23 1 
2241 25 15 105.75 29797.52 24 0.00 62 0.00 23 1 
2244 25 15 103.92 26587.24 24 0.00 62 0.00 23 1 
2246 53 10 155.00 7225.00 2 0.00 70 0.08 0 1 
2250 53 10 146.50 3660.25 2 0.00 86 0.17 0 1 
2253 53 10 311.00 58564.00 2 0.00 69 0.06 0 1 
2256 53 10 124.00 1764.00 2 0.00 82 0.03 0 1 
2259 53 10 132.50 3192.25 2 0.00 76 0.03 0 1 
2262 25 15 103.00 26416.83 24 0.00 62 0.00 23 1 
2265 25 15 103.54 26596.50 24 0.00 62 0.00 23 1 
2268 25 15 103.54 26596.50 24 0.00 62 0.00 23 1 
2271 53 10 119.00 2025.00 2 0.00 74 0.33 0 1 
2275 53 10 216.50 21170.25 2 0.00 71 0.27 0 1 
2277 25 15 104.75 28176.35 24 0.00 62 0.00 23 1 
2280 53 10 122.50 3996.75 4 0.00 86 0.91 0 1 
2283 53 10 134.00 3481.00 2 0.00 75 0.03 0 1 
2286 53 10 129.00 3364.00 2 0.00 71 0.03 0 1 
2289 53 10 159.50 6642.25 2 0.00 78 0.09 0 1 
2292 53 10 91.00 64.00 2 0.00 83 0.10 0 1 
2295 25 15 108.08 34293.74 24 0.00 62 0.00 23 1 
2298 53 10 157.00 4489.00 2 0.00 90 0.06 0 1 
2301 25 15 103.46 26668.66 24 0.00 62 0.00 23 1 
2304 25 15 102.79 25508.00 24 0.00 62 0.00 23 1 
2307 53 10 128.00 3025.00 2 0.00 73 0.03 0 1 
2310 25 15 106.12 30348.78 24 0.00 62 0.00 23 1 
2313 53 10 124.00 1849.00 2 0.00 81 0.03 0 1 
2316 25 15 104.67 28309.31 24 0.00 62 0.00 23 1 
2319 25 15 109.00 34341.08 24 0.00 62 0.00 23 1 
2322 53 10 150.00 4489.00 2 0.00 83 0.20 0 1 
2324 53 10 206.50 18090.25 2 0.00 72 0.27 0 1 
2328 53 10 140.00 3969.00 2 0.00 77 0.03 0 1 
2331 25 15 104.38 27573.15 24 0.00 62 0.00 23 1 
2334 25 15 104.75 28375.27 24 0.00 62 0.00 23 1 
2338 53 10 188.00 12769.00 2 0.00 75 0.03 0 1 
2340 53 10 128.50 2256.25 2 0.00 81 0.04 0 1 
2343 53 10 133.50 2352.25 2 0.00 85 0.03 0 1 
2346 25 15 104.71 28172.21 24 0.00 62 0.00 23 1 
2349 25 15 105.54 29732.75 24 0.00 62 0.00 23 1 
2352 53 10 133.50 3080.25 2 0.00 78 0.12 0 1 
2355 53 10 132.50 3660.25 2 0.00 72 0.09 0 1 
2358 25 15 105.00 29193.17 24 0.00 62 0.00 23 1 
2361 53 10 124.50 2070.25 2 0.00 79 0.03 0 1 
2364 25 15 105.12 28365.19 24 0.00 62 0.00 23 1 
2367 25 15 102.50 25452.33 24 0.00 62 0.00 23 1 
2370 53 10 305.50 56406.25 2 0.00 68 0.04 0 1 
2373 53 10 225.00 20449.00 2 0.00 82 0.03 0 1 
2376 25 15 103.33 26076.64 24 0.00 62 0.01 23 1 
2379 53 10 206.00 16129.00 2 0.00 79 0.03 0 1 
2382 25 15 104.38 27842.15 24 0.00 62 0.00 23 1 
2385 53 10 158.50 8010.25 2 0.00 69 0.03 0 1 
2388 53 10 147.50 5852.25 2 0.00 71 0.12 0 1 
2391 53 10 153.00 6241.00 2 0.00 74 0.03 0 1 
2394 53 10 140.00 4489.00 2 0.00 73 0.03 0 1 
2397 53 10 214.00 18225.00 2 0.00 79 0.03 0 1 
2400 53 10 95.00 64.00 2 0.00 87 0.12 0 1 
2403 25 15 103.04 26023.04 24 0.00 62 0.01 23 1 
2406 25 15 103.38 26272.40 24 0.00 62 0.00 23 1 
2410 53 10 145.50 6162.25 2 0.00 67 0.10 0 1 
2412 53 10 147.50 4160.25 2 0.00 83 0.04 0 1 
2415 53 10 309.00 55696.00 2 0.00 73 0.04 0 1 
2418 53 10 161.00 6400.00 2 0.00 81 0.11 0 1 
2421 53 10 214.00 18225.00 2 0.00 79 0.03 0 1 
2424 53 10 296.00 50625.00 2 0.00 71 0.03 0 1 
2427 53 10 311.00 58564.00 2 0.00 69 0.03 0 1 
2430 53 10 124.00 2401.00 2 0.00 75 0.03 0 1 
2433 53 10 119.00 2401.00 2 0.00 70 0.03 0 1 
2436 25 15 103.04 27860.84 25 0.00 62 0.00 24 1 
2439 25 15 102.92 26619.08 24 0.00 62 0.00 23 1 
2442 53 10 117.00 1764.00 2 0.00 75 0.11 0 1 
2446 53 10 296.00 50625.00 2 0.00 71 0.03 0 1 
2448 25 15 104.79 27764.58 24 0.00 62 0.00 23 1 
2451 53 10 188.00 12769.00 2 0.00 75 0.03 0 1 
2454 25 15 105.04 29470.21 24 0.00 62 0.00 23 1 
2457 53 10 119.00 1764.00 2 0.00 77 0.04 0 1 
2460 25 15 105.38 30090.82 24 0.00 62 0.00 23 1 
2463 25 15 106.58 30831.49 24 0.00 62 0.00 23 1 
2466 53 10 163.00 9216.00 2 0.00 67 0.03 0 1 
2469 53 10 206.00 16129.00 2 0.00 79 0.03 0 1 
2472 53 10 296.00 50625.00 2 0.00 71 0.03 0 1 
2475 53 10 163.00 9216.00 2 0.00 67 0.06 0 1 
2478 53 10 209.00 17161.00 2 0.00 78 0.13 0 1 
2481 53 10 136.00 3721.00 2 0.00 75 0.03 0 1 
2484 25 15 105.29 28908.46 24 0.00 62 0.01 23 1 
2487 53 10 122.50 2352.25 2 0.00 74 0.03 0 1 
2490 25 15 104.71 28581.29 24 0.00 62 0.00 23 1 
2493 53 10 201.50 16770.25 2 0.00 72 0.16 0 1 
2496 53 10 311.00 58564.00 2 0.00 69 0.03 0 1 
2500 53 10 126.50 3540.25 2 0.00 67 0.13 0 1 
2502 53 10 188.00 12769.00 2 0.00 75 0.05 0 1 
2505 53 10 308.00 58081.00 2 0.00 67 0.04 0 1 
2508 25 15 107.25 32471.02 24 0.00 62 0.00 23 1 
2511 53 10 142.50 3906.25 2 0.00 80 0.06 0 1 
2515 53 10 131.50 3192.25 2 0.00 75 0.53 0 1 
2517 53 10 311.00 58564.00 2 0.00 69 0.04 0 1 
2520 25 15 104.25 28186.35 24 0.00 62 0.01 23 1 
2523 53 10 143.50 4422.25 2 0.00 77 0.03 0 1 
2526 25 15 106.08 31565.49 24 0.00 62 0.00 23 1 
2529 25 15 102.83 26027.81 24 0.00 62 0.00 23 1 
2532 25 15 102.25 25590.35 24 0.00 62 0.00 23 1 
2535 53 10 124.00 1849.00 2 0.00 81 0.05 0 1 
2538 53 10 182.50 11990.25 2 0.00 73 0.03 0 1 
2541 25 15 104.21 27043.41 24 0.00 62 0.00 23 1 
2544 53 10 122.50 2070.25 2 0.00 77 0.04 0 1 
2547 25 15 105.21 29397.25 24 0.00 62 0.01 23 1 
2550 25 15 105.83 30568.81 24 0.00 62 0.01 23 1 
2554 53 10 115.50 1722.25 2 0.00 74 0.13 0 1 
2556 25 15 105.50 30297.92 24 0.00 62 0.00 23 1 
2559 25 15 106.88 31824.03 24 0.00 62 0.00 23 1 
2561 53 10 131.50 2256.25 2 0.00 84 0.03 0 1 
2565 53 10 216.50 19460.25 2 0.00 77 0.03 0 1 
2568 25 15 105.54 28765.25 24 0.00 62 0.01 23 1 
2571 53 10 87.00 0.00 8 0.00 87 7.68 0 1 
2574 53 10 119.00 1849.00 2 0.00 76 0.03 0 1 
2577 25 15 104.67 27300.06 24 0.00 62 0.00 23 1 
2580 53 10 162.00 8836.00 2 0.00 68 0.22 0 1 
2583 53 10 188.00 12769.00 2 0.00 75 0.07 0 1 
2585 53 10 110.00 1444.00 2 0.00 72 0.26 0 1 
2589 53 10 126.00 2116.00 2 0.00 80 0.04 0 1 
2592 25 15 108.04 33399.29 24 0.00 62 0.01 23 1 
2595 25 15 102.88 25828.78 24 0.00 62 0.00 23 1 
2598 25 15 104.58 28243.91 24 0.00 62 0.00 23 1 
2601 53 10 258.50 35910.25 2 0.00 69 0.06 0 1 
2605 53 10 117.00 2209.00 2 0.00 70 0.07 0 1 
2607 53 10 198.00 12544.00 2 0.00 86 0.03 0 1 
2610 53 10 147.50 3782.25 2 0.00 86 0.03 0 1 
2613 25 15 103.46 27469.66 24 0.00 62 0.01 23 1 
2616 53 10 147.50 4830.25 2 0.00 78 0.03 0 1 
2619 53 10 296.00 50625.00 2 0.00 71 0.03 0 1 
2622 53 10 311.00 58564.00 2 0.00 69 0.04 0 1 
2625 53 10 188.00 12769.00 2 0.00 75 0.03 0 1 
2629 53 10 129.00 2809.00 2 0.00 76 0.03 0 1 
2632 25 15 104.62 27768.15 24 0.00 62 0.00 23 1 
2635 53 10 173.50 8556.25 2 0.00 81 0.03 0 1 
2638 25 15 103.38 26667.90 24 0.00 62 0.00 23 1 
2641 53 10 67.00 0.00 8 0.00 67 8.20 0 1 
2644 53 10 159.50 8372.25 2 0.00 68 0.12 0 1 
2647 53 10 200.50 16770.25 2 0.00 71 0.26 0 1 
2650 53 10 311.00 58564.00 2 0.00 69 0.03 0 1 
2653 53 10 296.00 50625.00 2 0.00 71 0.03 0 1 
2656 53 10 214.00 18225.00 2 0.00 79 0.03 0 1 
2659 53 10 129.50 3422.25 2 0.00 71 0.03 0 1 
2662 25 15 105.71 29797.37 24 0.00 62 0.00 23 1 
2665 53 10 119.00 1764.00 2 0.00 77 0.03 0 1 
2668 53 10 115.00 2888.00 3 0.00 77 0.51 0 1 
2671 25 15 104.38 27910.57 24 0.00 62 0.00 23 1 
2674 53 10 134.00 2401.00 2 0.00 85 0.06 0 1 
2677 53 10 308.00 58081.00 2 0.00 67 0.05 0 1 
2680 25 15 107.62 32748.07 24 0.00 62 0.00 23 1 
2683 53 10 141.00 3136.00 2 0.00 85 0.03 0 1 
2686 53 10 136.00 3721.00 2 0.00 75 0.03 0 1 
2689 25 15 103.00 26086.92 24 0.00 62 0.01 23 1 
2692 53 10 269.50 39006.25 2 0.00 72 0.15 0 1 
2695 53 10 173.00 10404.00 2 0.00 71 0.03 0 1 
2698 53 10 188.00 12769.00 2 0.00 75 0.03 0 1 
2701 25 15 103.44 28378.97 25 0.00 62 0.01 24 1 
2704 25 15 104.32 29507.66 25 0.00 62 0.01 24 1 
2707 53 10 143.00 3481.00 2 0.00 84 0.12 0 1 
2710 25 15 104.67 28445.64 24 0.00 62 0.00 23 1 
2714 53 10 309.50 56406.25 2 0.00 72 0.04 0 1 
2716 53 10 305.50 54990.25 2 0.00 71 0.03 0 1 
2719 53 10 206.00 16129.00 2 0.00 79 0.03 0 1 
2722 53 10 210.00 16129.00 2 0.00 83 0.03 0 1 
2725 25 15 106.88 32114.53 24 0.00 62 0.01 23 1 
2728 25 15 106.62 31980.07 24 0.00 62 0.00 23 1 
2731 53 10 96.00 576.00 2 0.00 72 0.12 0 1 
2733 53 10 179.00 10609.00 2 0.00 76 0.03 0 1 
2737 25 15 107.29 32465.71 24 0.00 62 0.01 23 1 
2740 53 10 198.00 12544.00 2 0.00 86 0.03 0 1 
2743 25 15 107.92 33475.74 24 0.00 62 0.01 23 1 
2746 53 10 206.00 17424.00 2 0.00 74 0.04 0 1 
2749 25 15 104.33 27307.39 24 0.00 62 0.00 23 1 
2753 53 10 146.00 4624.00 2 0.00 78 0.04 0 1 
2756 53 10 153.50 5256.25 2 0.00 81 0.06 0 1 
2759 25 15 105.21 28910.66 24 0.00 62 0.01 23 1 
2762 53 10 188.00 12769.00 2 0.00 75 0.03 0 1 
2765 53 10 309.00 57121.00 2 0.00 70 0.03 0 1 
2767 53 10 182.00 11881.00 2 0.00 73 0.22 0 1 
2771 53 10 280.00 42849.00 2 0.00 73 0.03 0 1 
2774 25 15 105.08 28502.74 24 0.00 62 0.02 23 1 
22252 32657 16 60.83 347.10 86 0.00 67 6.61 0 1 
22252 32760 16 67.00 0.00 2 0.00 67 5.23 0 1 
22252 14446 16 67.00 0.00 2 0.00 67 5.23 0 1 
22252 11680 16 84.85 6772.90 13 0.00 67 7.58 0 1 
22252 11929 16 67.00 0.00 2 0.00 67 5.23 0 1 
22252 22861 16 67.00 0.00 4 0.00 67 45.00 0 1 
22252 25589 16 67.00 0.00 4 0.00 67 76.65 0 1 
22252 12774 16 67.00 0.00 5 0.00 67 113.70 0 1 
22252 13177 16 67.00 0.00 5 0.00 67 113.70 0 1 
22252 4243 16 67.00 0.00 5 0.00 67 113.70 0 1 
22252 11275 16 67.00 0.00 5 0.00 67 113.70 0 1 
22252 31349 16 67.00 0.00 5 0.00 67 113.70 0 1 
22252 10906 16 67.00 0.00 5 0.00 67 113.70 0 1 
22252 14395 16 57.29 129.05 45 0.00 67 12.63 0 1 
22252 6362 16 67.00 0.00 6 0.00 67 94.75 0 1 
22252 27429 16 60.62 84.59 73 0.00 67 7.79 0 1 
22252 3291 16 67.00 0.00 6 0.00 67 94.75 0 1 
22252 1228 16 66.30 4.41 10 0.00 67 56.84 0 1 
22252 13550 16 67.00 0.00 6 0.00 67 94.74 0 1 
22252 13610 16 67.00 0.00 6 0.00 67 94.74 0 1 
22252 20112 16 67.00 0.00 6 0.00 67 94.74 0 1 
22252 7164 16 67.00 0.00 6 0.00 67 94.74 0 1 
22252 22921 16 64.32 858.76 81 0.00 67 7.02 0 1 
22252 17281 16 60.22 85.71 83 0.00 67 6.85 0 1 
22252 24658 16 67.00 0.00 2 0.00 67 11.02 0 1 
22252 9784 16 67.00 0.00 5 0.00 67 113.68 0 1 
22252 6969 16 64.70 47.61 10 0.00 67 56.84 0 1 
22252 25289 16 67.00 0.00 5 0.00 67 113.68 0 1 
22252 16025 16 67.00 0.00 2 0.00 67 11.02 0 1 
22252 16286 16 71.00 5686.80 35 0.00 67 16.24 0 1 
22252 18834 16 67.19 1975.50 64 0.00 67 8.88 0 1 
22252 28604 16 67.00 0.00 2 0.00 67 11.02 0 1 
22252 12272 16 67.00 0.00 2 0.00 67 11.02 0 1 
22252 30358 16 67.00 0.00 2 0.00 67 11.02 0 1 
22252 28038 16 67.00 0.00 2 0.00 67 11.02 0 1 
22252 26099 16 67.00 0.00 2 0.00 67 11.02 0 1 
22252 32777 16 67.00 0.00 2 0.00 67 11.02 0 1 
2779 25 15 103.46 26204.25 24 0.00 62 0.01 23 1 
2783 53 10 105.00 625.00 2 0.00 80 0.51 0 1 
2785 53 10 278.00 39601.00 2 0.00 79 0.12 0 1 
2787 53 10 296.00 50625.00 2 0.00 71 0.05 0 1 
2791 53 10 124.50 3080.25 2 0.00 69 0.05 0 1 
2794 53 10 92.00 625.00 2 0.00 67 0.07 0 1 
2797 25 15 106.79 31610.08 24 0.00 62 0.00 23 1 
2800 25 15 108.33 34815.81 24 0.00 62 0.00 23 1 
2804 53 10 314.50 57360.25 2 0.00 75 0.22 0 1 
2806 53 10 189.50 12656.25 2 0.00 77 0.18 0 1 
2809 25 15 102.08 25142.58 24 0.00 62 0.00 23 1 
2812 25 15 106.38 31265.15 24 0.00 62 0.00 23 1 
2815 53 10 308.00 58081.00 2 0.00 67 0.04 0 1 
2818 53 10 190.50 14280.25 2 0.00 71 0.11 0 1 
2821 53 10 266.50 38220.25 2 0.00 71 0.04 0 1 
2825 53 10 181.00 8836.00 2 0.00 87 0.03 0 1 
2827 53 10 196.00 15376.00 2 0.00 72 0.13 0 1 
2830 25 15 103.88 26589.28 24 0.00 62 0.00 23 1 
2833 53 10 293.50 51756.25 2 0.00 66 0.07 0 1 
2836 53 10 296.00 50625.00 2 0.00 71 0.05 0 1 
2839 53 10 169.50 8010.25 2 0.00 80 0.14 0 1 
2842 25 15 103.29 26539.12 24 0.00 62 0.00 23 1 
2845 25 15 103.75 26658.85 24 0.00 62 0.00 23 1 
2848 25 15 103.58 26596.24 24 0.00 62 0.00 23 1 
2851 53 10 137.50 4830.25 2 0.00 68 0.04 0 1 
2854 53 10 307.00 55696.00 2 0.00 71 0.03 0 1 
2856 53 10 309.00 55696.00 2 0.00 73 0.03 0 1 
2860 25 15 104.58 28311.58 24 0.00 62 0.00 23 1 
2863 53 10 126.50 2162.25 2 0.00 80 0.07 0 1 
2866 25 15 103.33 26870.81 24 0.00 62 0.00 23 1 
2868 53 10 213.50 19460.25 2 0.00 74 0.11 0 1 
2872 25 15 105.71 29379.79 24 0.00 62 0.00 23 1 
2875 53 10 182.50 11342.25 2 0.00 76 0.44 0 1 
2878 53 10 119.00 1600.00 2 0.00 79 0.04 0 1 
2881 25 15 104.88 28715.28 24 0.00 62 0.01 23 1 
2884 25 15 106.58 30549.74 24 0.00 62 0.00 23 1 
2887 53 10 128.50 2256.25 2 0.00 81 0.04 0 1 
2890 53 10 146.00 5184.00 2 0.00 74 0.03 0 1 
2893 53 10 206.00 16129.00 2 0.00 79 0.03 0 1 
2896 25 15 107.58 32823.99 24 0.00 62 0.00 23 1 
2899 25 15 101.71 24133.21 24 0.00 62 0.00 23 1 
2902 53 10 307.00 54289.00 2 0.00 74 0.08 0 1 
2905 53 10 225.00 20449.00 2 0.00 82 0.03 0 1 
2908 25 15 102.75 25508.27 24 0.00 62 0.00 23 1 
2911 53 10 311.00 58564.00 2 0.00 69 0.03 0 1 
2914 25 15 107.17 32473.89 24 0.00 62 0.00 23 1 
2917 53 10 311.00 58564.00 2 0.00 69 0.06 0 1 
2920 53 10 148.50 5256.25 2 0.00 76 0.03 0 1 
2923 53 10 206.00 16129.00 2 0.00 79 0.03 0 1 
2926 25 15 104.92 28711.91 24 0.00 62 0.00 23 1 
2929 53 10 219.00 21904.00 2 0.00 71 0.12 0 1 
2932 53 10 118.50 2256.25 2 0.00 71 0.11 0 1 
2935 25 15 102.96 26090.79 24 0.00 62 0.00 23 1 
2938 53 10 238.50 22952.25 2 0.00 87 0.04 0 1 
2941 25 15 105.08 28775.74 24 0.00 62 0.00 23 1 
2944 25 15 99.65 24543.84 26 0.00 62 0.02 25 1 
2947 53 10 131.50 2652.25 2 0.00 80 0.03 0 1 
2950 25 15 101.12 26811.72 26 0.00 62 0.01 25 1 
2953 53 10 166.00 8100.00 2 0.00 76 0.06 0 1 
2957 53 10 173.50 10302.25 2 0.00 72 0.13 0 1 
2959 53 10 214.00 18225.00 2 0.00 79 0.06 0 1 
2962 53 10 155.00 5625.00 2 0.00 80 0.04 0 1 
2966 53 10 314.50 57360.25 2 0.00 75 0.04 0 1 
2969 53 10 296.00 50625.00 2 0.00 71 0.03 0 1 
2972 53 10 188.00 12769.00 2 0.00 75 0.03 0 1 
2975 53 10 143.50 4692.25 2 0.00 75 0.10 0 1 
2978 53 10 127.00 3025.00 2 0.00 72 0.03 0 1 
2981 25 15 105.42 29180.08 24 0.00 62 0.00 23 1 
2984 25 15 104.12 27245.19 24 0.00 62 0.00 23 1 
2987 53 10 121.50 2450.25 2 0.00 72 0.10 0 1 
2990 25 15 106.46 31405.08 24 0.00 62 0.00 23 1 
2993 25 15 103.08 25887.74 24 0.00 62 0.00 23 1 
2996 25 15 104.62 28654.57 24 0.00 62 0.01 23 1 
2999 53 10 162.00 6561.00 2 0.00 81 0.12 0 1 
3002 53 10 168.00 7396.00 2 0.00 82 0.03 0 1 
3005 53 10 214.00 18225.00 2 0.00 79 0.03 0 1 
3008 53 10 163.00 8836.00 2 0.00 69 0.03 0 1 
3011 53 10 212.50 20022.25 2 0.00 71 0.17 0 1 
3014 53 10 258.50 35910.25 2 0.00 69 0.03 0 1 
3017 53 10 198.00 12544.00 2 0.00 86 0.03 0 1 
3021 53 10 156.50 5550.25 2 0.00 82 0.48 0 1 
3023 53 10 162.50 7482.25 2 0.00 76 0.31 0 1 
3026 53 10 121.00 1764.00 2 0.00 79 0.03 0 1 
3029 25 15 106.75 30546.52 24 0.00 62 0.00 23 1 
3032 53 10 182.50 10920.25 2 0.00 78 0.20 0 1 
3035 53 10 121.00 1764.00 2 0.00 79 0.18 0 1 
3038 25 15 103.92 27051.41 24 0.00 62 0.00 23 1 
3041 53 10 127.00 1681.00 2 0.00 86 0.11 0 1 
3044 25 15 103.96 27517.87 24 0.00 62 0.00 23 1 
3047 25 15 104.71 28037.96 24 0.00 62 0.00 23 1 
3050 25 15 105.71 29939.21 24 0.00 62 0.00 23 1 
3053 53 10 137.50 2162.25 2 0.00 91 0.03 0 1 
3056 53 10 296.00 50625.00 2 0.00 71 0.08 0 1 
3059 25 15 107.46 31523.00 24 0.00 62 0.00 23 1 
3062 53 10 134.50 4160.25 2 0.00 70 0.03 0 1 
3065 25 15 105.79 30158.41 24 0.00 62 0.00 23 1 
3068 53 10 166.00 8649.00 2 0.00 73 0.03 0 1 
3071 25 15 103.33 26536.72 24 0.00 62 0.00 23 1 
3073 53 10 225.50 23256.25 2 0.00 73 0.03 0 1 
3077 53 10 296.00 50625.00 2 0.00 71 0.05 0 1 
3080 25 15 103.12 26678.03 24 0.00 62 0.00 23 1 
3083 53 10 125.50 2070.25 2 0.00 80 0.03 0 1 
3086 25 15 103.17 26081.72 24 0.00 62 0.00 23 1 
3089 25 15 103.33 26207.64 24 0.00 62 0.00 23 1 
3092 53 10 213.50 18360.25 2 0.00 78 0.05 0 1 
3095 25 15 104.71 27571.29 24 0.00 62 0.00 23 1 
3098 53 10 146.00 5776.00 2 0.00 70 0.04 0 1 
3101 25 15 106.08 30563.08 24 0.00 62 0.00 23 1 
3104 25 15 102.38 25067.40 24 0.00 62 0.00 23 1 
3106 53 10 305.50 56406.25 2 0.00 68 0.04 0 1 
3110 25 15 105.58 28833.08 24 0.00 62 0.00 23 1 
3113 53 10 206.00 16129.00 2 0.00 79 0.04 0 1 
3116 25 15 106.71 31758.62 24 0.00 62 0.00 23 1 
3119 25 15 104.12 27987.28 24 0.00 62 0.00 23 1 
3122 53 10 208.00 16129.00 2 0.00 81 0.03 0 1 
3125 53 10 214.00 18225.00 2 0.00 79 0.03 0 1 
3128 53 10 206.00 16129.00 2 0.00 79 0.03 0 1 
3131 53 10 113.50 1406.25 2 0.00 76 0.13 0 1 
3133 53 10 147.50 4692.25 2 0.00 79 0.25 0 1 
3137 53 10 122.50 2162.25 2 0.00 76 0.03 0 1 
3140 25 15 108.25 34513.35 24 0.00 62 0.00 23 1 
3143 25 15 103.67 27393.97 24 0.00 62 0.00 23 1 
3146 25 15 105.29 29671.54 24 0.00 62 0.00 23 1 
3149 25 15 104.08 27650.24 24 0.00 62 0.01 23 1 
3152 53 10 311.00 58564.00 2 0.00 69 0.04 0 1 
3155 53 10 214.00 18225.00 2 0.00 79 0.04 0 1 
3158 53 10 142.00 5476.00 2 0.00 68 0.17 0 1 
3161 53 10 100.00 1250.00 3 0.00 75 0.49 0 1 
3164 25 15 104.42 27438.41 24 0.00 62 0.00 23 1 
3167 53 10 207.00 17424.00 2 0.00 75 0.07 0 1 
3170 53 10 311.00 58564.00 2 0.00 69 0.04 0 1 
3173 53 10 214.00 18225.00 2 0.00 79 0.05 0 1 
3176 53 10 173.00 7396.00 2 0.00 87 0.03 0 1 
3179 25 15 107.33 32757.81 24 0.00 62 0.00 23 1 
3182 53 10 121.50 2070.25 2 0.00 76 0.03 0 1 
3184 53 10 311.00 56644.00 2 0.00 73 0.05 0 1 
3189 53 10 144.00 5041.00 2 0.00 73 0.04 0 1 
3192 53 10 138.00 2401.00 2 0.00 89 0.04 0 1 
3195 25 15 105.75 30076.85 24 0.00 62 0.00 23 1 
3198 53 10 188.00 12769.00 2 0.00 75 0.03 0 1 
3201 53 10 92.50 342.25 4 0.00 74 3.46 0 1 
3204 25 15 103.08 26149.66 24 0.00 62 0.00 23 1 
3207 53 10 164.00 9409.00 2 0.00 67 0.11 0 1 
3210 53 10 129.50 2162.25 2 0.00 83 0.03 0 1 
3213 53 10 247.00 23409.00 2 0.00 94 0.06 0 1 
3216 53 10 296.00 50625.00 2 0.00 71 0.03 0 1 
3219 53 10 188.00 12769.00 2 0.00 75 0.03 0 1 
3221 53 10 124.00 2209.00 2 0.00 77 0.04 0 1 
3225 25 15 107.29 31598.29 24 0.00 62 0.00 23 1 
3228 53 10 126.50 2756.25 2 0.00 74 0.03 0 1 
3231 53 10 131.50 3306.25 2 0.00 74 0.15 0 1 
3234 53 10 97.50 462.25 2 0.00 76 0.22 0 1 
3237 53 10 135.50 3660.25 2 0.00 75 0.03 0 1 
3240 25 15 105.25 29392.85 24 0.00 62 0.00 23 1 
3243 53 10 296.00 50625.00 2 0.00 71 0.03 0 1 
3246 25 15 103.42 26932.83 24 0.00 62 0.00 23 1 
3249 53 10 265.00 36100.00 2 0.00 75 0.22 0 1 
3252 53 10 134.50 2070.25 2 0.00 89 0.03 0 1 
3255 53 10 143.50 4422.25 2 0.00 77 0.03 0 1 
3258 53 10 135.50 2550.25 2 0.00 85 0.03 0 1 
3261 25 15 102.92 26025.66 24 0.00 62 0.00 23 1 
3264 53 10 241.00 23409.00 2 0.00 88 0.10 0 1 
3267 53 10 206.00 16129.00 2 0.00 79 0.03 0 1 
3270 25 15 105.17 28704.89 24 0.00 62 0.00 23 1 
3273 25 15 106.58 31043.24 24 0.00 62 0.00 23 1 
3276 53 10 311.00 58564.00 2 0.00 69 0.04 0 1 
3279 53 10 315.50 55932.25 2 0.00 79 0.03 0 1 
3282 53 10 150.50 6162.25 2 0.00 72 0.13 0 1 
3285 25 15 106.04 30349.46 24 0.00 62 0.00 23 1 
3288 53 10 208.00 16900.00 2 0.00 78 0.03 0 1 
3291 25 15 104.04 26716.12 24 0.00 62 0.00 23 1 
3294 53 10 128.00 2209.00 2 0.00 81 0.09 0 1 
3297 53 10 141.50 3782.25 2 0.00 80 0.06 0 1 
3300 25 15 103.38 26207.07 24 0.00 62 0.00 23 1 
3303 25 15 105.96 30140.79 24 0.00 62 0.00 23 1 
3306 25 15 101.92 24954.58 24 0.00 62 0.00 23 1 
3309 53 10 311.00 58564.00 2 0.00 69 0.03 0 1 
3312 25 15 105.58 30082.24 24 0.00 62 0.00 23 1 
3315 53 10 214.00 18225.00 2 0.00 79 0.03 0 1 
3318 53 10 157.00 6889.00 2 0.00 74 0.03 0 1 
3321 25 15 107.04 32842.21 24 0.00 62 0.00 23 1 
3324 53 10 144.00 3969.00 2 0.00 81 0.04 0 1 
3327 53 10 169.50 10302.25 2 0.00 68 0.21 0 1 
3330 25 15 105.58 29942.91 24 0.00 62 0.00 23 1 
3333 53 10 149.50 6320.25 2 0.00 70 0.03 0 1 
3336 53 10 103.00 841.00 2 0.00 74 0.24 0 1 
3339 53 10 154.00 5929.00 2 0.00 77 0.03 0 1 
3342 53 10 163.00 9216.00 2 0.00 67 0.03 0 1 
3345 53 10 156.00 7744.00 2 0.00 68 0.10 0 1 
3348 53 10 134.50 4160.25 2 0.00 70 0.08 0 1 
3351 53 10 206.50 14280.25 2 0.00 87 0.04 0 1 
3354 25 15 104.96 28577.62 24 0.00 62 0.00 23 1 
3357 53 10 126.00 2401.00 2 0.00 77 0.03 0 1 
3360 53 10 287.00 44521.00 2 0.00 76 0.03 0 1 
3363 25 15 105.12 29959.53 24 0.00 62 0.00 23 1 
3366 53 10 181.00 9801.00 2 0.00 82 0.03 0 1 
3369 25 15 102.79 26095.08 24 0.00 62 0.00 23 1 
3372 25 15 103.21 26213.16 24 0.00 62 0.00 23 1 
3375 25 15 104.88 29197.53 24 0.00 62 0.00 23 1 
3379 53 10 311.00 58564.00 2 0.00 69 0.04 0 1 
3381 53 10 312.50 58322.25 2 0.00 71 0.04 0 1 
3384 25 15 101.33 23830.47 24 0.00 62 0.00 23 1 
3387 53 10 142.33 9338.89 3 0.00 74 0.43 0 1 
3390 53 10 272.50 40602.25 2 0.00 71 0.04 0 1 
3393 53 10 138.00 3025.00 2 0.00 83 0.03 0 1 
3396 53 10 296.00 50625.00 2 0.00 71 0.03 0 1 
3399 25 15 108.67 34800.14 24 0.00 62 0.00 23 1 
3402 53 10 149.50 5852.25 2 0.00 73 0.35 0 1 
3405 25 15 104.46 28384.25 24 0.00 62 0.00 23 1 
3408 53 10 308.00 58081.00 2 0.00 67 0.03 0 1 
3411 53 10 142.50 3906.25 2 0.00 80 0.03 0 1 
3414 25 15 107.54 31959.91 24 0.00 62 0.00 23 1 
3417 53 10 224.00 24649.00 2 0.00 67 0.06 0 1 
3420 53 10 110.00 1681.00 2 0.00 69 0.23 0 1 
3423 53 10 118.00 1764.00 2 0.00 76 0.03 0 1 
3426 25 15 104.96 29684.96 24 0.00 62 0.00 23 1 
3429 53 10 258.50 35910.25 2 0.00 69 0.04 0 1 
3432 53 10 206.00 16129.00 2 0.00 79 0.03 0 1 
3435 53 10 124.50 2652.25 2 0.00 73 0.03 0 1 
3438 25 15 102.96 25182.04 24 0.00 62 0.00 23 1 
3441 25 15 104.67 28311.31 24 0.00 62 0.00 23 1 
3444 25 15 106.42 31047.91 24 0.00 62 0.00 23 1 
3445 53 10 141.50 5550.25 2 0.00 67 0.03 0 1 
3450 53 10 158.00 5776.00 2 0.00 82 0.03 0 1 
3453 53 10 188.00 12769.00 2 0.00 75 0.03 0 1 
3456 25 15 102.42 25130.41 24 0.00 62 0.00 23 1 
3459 53 10 145.00 4096.00 2 0.00 81 0.04 0 1 
3462 25 15 103.17 26678.39 24 0.00 62 0.00 23 1 
3465 53 10 260.00 31684.00 2 0.00 82 0.20 0 1 
3468 53 10 156.00 6724.00 2 0.00 74 0.15 0 1 
3471 53 10 186.00 12100.00 2 0.00 76 0.14 0 1 
3475 53 10 123.00 2704.00 2 0.00 71 0.10 0 1 
3478 53 10 142.00 4624.00 2 0.00 74 0.03 0 1 
3481 53 10 130.00 2209.00 2 0.00 83 0.15 0 1 
3484 25 15 109.67 36608.81 24 0.00 62 0.00 23 1 
3487 53 10 189.00 14641.00 2 0.00 68 0.07 0 1 
3492 53 10 146.00 5776.00 2 0.00 70 0.04 0 1 
3493 53 10 175.50 10302.25 2 0.00 74 0.03 0 1 
3496 53 10 141.00 4225.00 2 0.00 76 0.03 0 1 
3499 53 10 154.00 5625.00 2 0.00 79 0.31 0 1 
3502 25 15 106.04 31277.79 24 0.00 62 0.00 23 1 
3506 53 10 118.50 1892.25 2 0.00 75 0.16 0 1 
3508 53 10 118.50 1722.25 2 0.00 77 0.03 0 1 
3511 53 10 126.50 2256.25 2 0.00 79 0.05 0 1 
3514 53 10 311.00 58564.00 2 0.00 69 0.04 0 1 
3517 25 15 108.96 35028.37 24 0.00 62 0.00 23 1 
3521 53 10 313.00 57121.00 2 0.00 74 0.03 0 1 
3523 25 15 102.92 25504.24 24 0.00 62 0.00 23 1 
3526 53 10 315.50 55932.25 2 0.00 79 0.04 0 1 
3529 25 15 102.79 26159.83 24 0.00 62 0.00 23 1 
3532 53 10 226.00 23104.00 2 0.00 74 0.03 0 1 
3535 25 15 103.21 25949.75 24 0.00 62 0.00 23 1 
3538 53 10 238.50 28730.25 2 0.00 69 0.11 0 1 
3540 53 10 131.00 3136.00 2 0.00 75 0.11 0 1 
3544 25 15 105.17 29605.39 24 0.00 62 0.00 23 1 
3547 53 10 214.00 18225.00 2 0.00 79 0.03 0 1 
3550 53 10 185.50 7832.25 2 0.00 97 0.13 0 1 
3553 25 15 105.46 29665.33 24 0.00 62 0.00 23 1 
3556 53 10 173.00 7396.00 2 0.00 87 0.03 0 1 
3559 53 10 287.50 46010.25 2 0.00 73 0.12 0 1 
3562 25 15 105.33 29599.39 24 0.00 62 0.00 23 1 
3565 25 15 104.79 28375.00 24 0.00 62 0.00 23 1 
3568 53 10 149.50 4032.25 2 0.00 86 0.24 0 1 
3571 53 10 164.50 9702.25 2 0.00 66 0.05 0 1 
3574 53 10 308.00 58081.00 2 0.00 67 0.03 0 1 
3577 53 10 150.50 4422.25 2 0.00 84 0.03 0 1 
3580 53 10 154.50 6642.25 2 0.00 73 0.03 0 1 
3583 53 10 117.50 2162.25 2 0.00 71 0.04 0 1 
3586 53 10 143.50 4422.25 2 0.00 77 0.03 0 1 
3589 53 10 107.20 1653.36 5 0.00 74 1.04 0 1 
3592 53 10 114.00 1369.00 2 0.00 77 0.22 0 1 
3594 53 10 133.50 3422.25 2 0.00 75 0.08 0 1 
3598 53 10 142.00 4624.00 2 0.00 74 0.03 0 1 
3601 25 15 104.00 27991.08 24 0.00 62 0.00 23 1 
3604 53 10 92.00 64.00 2 0.00 84 0.11 0 1 
3607 53 10 136.00 3721.00 2 0.00 75 0.03 0 1 
3610 53 10 129.00 2209.00 2 0.00 82 0.03 0 1 
3613 25 15 105.71 30289.71 24 0.00 62 0.00 23 1 
3616 53 10 152.50 4032.25 2 0.00 89 0.12 0 1 
3619 53 10 188.00 12769.00 2 0.00 75 0.04 0 1 
3622 25 15 103.12 26677.19 24 0.00 62 0.00 23 1 
3625 53 10 171.50 6320.25 2 0.00 92 0.06 0 1 
3628 25 15 105.42 29947.41 24 0.00 62 0.00 23 1 
3631 25 15 106.71 31325.37 24 0.00 62 0.00 23 1 
3634 25 15 105.00 28507.08 24 0.00 62 0.00 23 1 
3637 53 10 105.50 650.25 2 0.00 80 0.06 0 1 
3639 53 10 214.00 18225.00 2 0.00 79 0.03 0 1 
3643 25 15 106.33 31194.31 24 0.00 62 0.00 23 1 
3646 53 10 136.00 4761.00 2 0.00 67 0.26 0 1 
3649 53 10 126.50 3540.25 2 0.00 67 0.13 0 1 
3652 25 15 104.29 28118.21 24 0.00 62 0.00 23 1 
3655 53 10 123.00 2209.00 2 0.00 76 0.04 0 1 
3658 25 15 103.88 27792.03 24 0.00 62 0.00 23 1 
3661 53 10 143.50 4422.25 2 0.00 77 0.15 0 1 
3664 53 10 127.00 2116.00 2 0.00 81 0.22 0 1 
3667 53 10 154.50 5112.25 2 0.00 83 0.11 0 1 
3670 53 10 157.00 5625.00 2 0.00 82 0.03 0 1 
3673 25 15 105.12 28638.53 24 0.00 62 0.00 23 1 
3676 25 15 103.29 26538.29 24 0.00 62 0.00 23 1 
3679 53 10 139.50 3782.25 2 0.00 78 0.03 0 1 
3682 53 10 143.50 4160.25 2 0.00 79 0.03 0 1 
3685 25 15 103.38 26601.90 24 0.00 62 0.00 23 1 
3688 53 10 119.33 3416.89 3 0.00 78 0.39 0 1 
3691 25 15 104.62 27634.15 24 0.00 62 0.00 23 1 
3694 53 10 210.00 16129.00 2 0.00 83 0.03 0 1 
3697 25 15 107.88 33404.44 24 0.00 62 0.00 23 1 
3700 53 10 150.50 6006.25 2 0.00 73 0.03 0 1 
3703 25 15 106.54 30479.33 24 0.00 62 0.00 23 1 
3707 53 10 176.50 11990.25 2 0.00 67 0.03 0 1 
3709 53 10 150.50 5112.25 2 0.00 79 0.03 0 1 
3712 53 10 171.50 7832.25 2 0.00 83 0.03 0 1 
3715 25 15 106.54 31982.83 24 0.00 62 0.00 23 1 
3718 53 10 132.00 3364.00 2 0.00 74 0.03 0 1 
3721 53 10 188.00 12769.00 2 0.00 75 0.03 0 1 
3724 25 15 103.54 26662.75 24 0.00 62 0.00 23 1 
3727 53 10 188.00 12769.00 2 0.00 75 0.03 0 1 
3731 53 10 132.50 3192.25 2 0.00 76 0.12 0 1 
3733 25 15 104.79 28785.00 24 0.00 62 0.00 23 1 
3736 53 10 166.50 9120.25 2 0.00 71 0.03 0 1 
3739 25 15 110.75 38773.85 24 0.00 62 0.01 23 1 
3742 25 15 110.58 38861.08 24 0.00 62 0.00 23 1 
3745 25 15 105.83 29935.89 24 0.00 62 0.00 23 1 
3748 53 10 166.00 9409.00 2 0.00 69 0.11 0 1 
3751 25 15 102.96 25761.54 24 0.00 62 0.00 23 1 
3754 53 10 214.00 18225.00 2 0.00 79 0.05 0 1 
3757 25 15 110.88 38688.53 24 0.00 62 0.00 23 1 
3760 53 10 175.00 8649.00 2 0.00 82 0.03 0 1 
3763 25 15 112.25 41566.52 24 0.00 62 0.00 23 1 
3766 25 15 112.38 42060.15 24 0.00 62 0.00 23 1 
3769 53 10 309.00 55696.00 2 0.00 73 0.03 0 1 
3772 25 15 110.21 37685.50 24 0.00 62 0.00 23 1 
3775 53 10 130.00 2916.00 2 0.00 76 0.03 0 1 
3778 53 10 312.00 56644.00 2 0.00 74 0.03 0 1 
3781 53 10 124.50 1892.25 2 0.00 81 0.03 0 1 
3784 25 15 111.54 40688.25 24 0.00 62 0.01 23 1 
3787 53 10 129.50 2970.25 2 0.00 75 0.05 0 1 
3790 25 15 110.42 37990.74 24 0.00 62 0.00 23 1 
3793 53 10 125.50 2450.25 2 0.00 76 0.03 0 1 
3796 53 10 159.50 6806.25 2 0.00 77 0.03 0 1 
3799 53 10 135.50 4290.25 2 0.00 70 0.36 0 1 
3802 25 15 110.46 39109.50 24 0.00 62 0.00 23 1 
3805 53 10 125.50 2256.25 2 0.00 78 0.03 0 1 
3808 53 10 311.00 58564.00 2 0.00 69 0.03 0 1 
3811 25 15 108.33 34813.31 24 0.00 62 0.00 23 1 
3814 53 10 206.00 16129.00 2 0.00 79 0.24 0 1 
22252 17967 16 56.23 131.71 47 0.00 67 11.63 0 1 
22252 19400 16 56.50 131.25 46 0.00 67 11.89 0 1 
22252 22252 16 63.28 53.09 18 0.00 67 30.38 0 1 
22252 28758 16 55.73 132.19 49 0.00 67 11.16 0 1 
22252 14918 16 67.00 0.00 2 0.00 67 6.68 0 1 
22252 32357 16 67.00 0.00 2 0.00 67 6.68 0 1 
22252 24272 16 67.00 0.00 2 0.00 67 6.68 0 1 
22252 25799 16 67.00 0.00 2 0.00 67 6.68 0 1 
22252 22385 16 67.00 0.00 2 0.00 67 6.68 0 1 
22252 19782 16 67.00 0.00 5 0.00 67 109.36 0 1 
22252 28647 16 66.62 2843.11 71 0.00 67 7.70 0 1 
22252 30963 16 56.88 130.35 25 0.00 67 21.87 0 1 
22252 6748 16 67.00 0.00 4 0.00 67 60.77 0 1 
22252 16338 16 59.02 106.36 58 0.00 67 9.43 0 1 
22252 18092 16 66.55 4325.35 47 0.00 67 11.63 0 1 
22252 3188 16 57.46 128.40 41 0.00 67 13.34 0 1 
3815 53 10 181.00 10000.00 2 0.00 81 0.24 0 1 
22252 33442 16 59.09 110.88 53 0.00 67 10.31 0 1 
22252 21090 16 59.68 90.88 75 0.00 67 7.29 0 1 
22252 17039 16 67.00 0.00 2 0.00 67 6.68 0 1 
22252 3497 16 56.55 131.16 44 0.00 67 12.42 0 1 
22252 5757 16 60.43 107.96 7 0.00 67 9.05 0 1 
22252 25589 16 60.43 107.96 7 0.00 67 9.05 0 1 
22252 28720 16 65.25 1608.07 102 0.00 67 5.36 0 1 
22252 16535 16 60.33 82.18 92 0.00 67 5.94 0 1 
22252 16275 16 67.00 0.00 2 0.00 67 6.68 0 1 
22252 2875 16 62.79 45.59 87 0.00 67 6.28 0 1 
22252 17423 16 67.00 0.00 2 0.00 67 6.68 0 1 
22252 13108 16 61.78 367.37 77 0.00 67 7.10 0 1 
22252 18332 16 67.00 0.00 5 0.00 67 109.33 0 1 
22252 11620 16 56.55 131.16 44 0.00 67 12.42 0 1 
22252 26412 16 59.47 92.88 57 0.00 67 9.59 0 1 
22252 33099 16 59.74 114.30 19 0.00 67 28.77 0 1 
22252 20455 16 56.18 131.79 34 0.00 67 16.08 0 1 
22252 25812 16 67.00 0.00 5 0.00 67 109.33 0 1 
22252 7022 16 63.25 58.19 8 0.00 67 52.07 0 1 
22252 16275 16 56.50 131.25 46 0.00 67 11.88 0 1 
22252 10775 16 56.00 132.00 46 0.00 67 11.88 0 1 
22252 19782 16 65.25 9.19 4 0.00 67 3.34 0 1 
22252 10792 16 67.00 0.00 2 0.00 67 6.68 0 1 
22252 26228 16 56.55 131.16 44 0.00 67 12.42 0 1 
22252 3827 16 57.14 129.55 42 0.00 67 13.01 0 1 
22252 3664 16 67.00 0.00 2 0.00 67 6.68 0 1 
22252 28986 16 67.00 0.00 2 0.00 67 6.68 0 1 
22252 19782 16 67.00 0.00 2 0.00 67 6.68 0 1 
22252 18032 16 67.00 0.00 2 0.00 67 6.68 0 1 
22252 21780 16 67.00 0.00 2 0.00 67 6.68 0 1 
22252 3038 16 60.38 83.74 77 0.00 67 7.10 0 1 
22252 18581 16 67.00 0.00 2 0.00 67 6.68 0 1 
22252 4539 16 67.00 0.00 2 0.00 67 6.68 0 1 
22252 24122 16 67.00 0.00 2 0.00 67 6.68 0 1 
22252 9410 16 68.09 5573.26 44 0.00 67 12.42 0 1 
22252 9887 16 67.00 0.00 2 0.00 67 6.68 0 1 
22252 7151 16 67.00 0.00 2 0.00 67 6.73 0 1 
22252 9703 16 67.00 0.00 2 0.00 67 6.68 0 1 
22252 36341 16 75.06 8027.89 49 0.00 67 11.15 0 1 
22252 16196 16 67.00 0.00 2 0.00 67 6.68 0 1 
22252 25181 16 62.35 451.10 78 0.00 67 7.01 0 1 
22252 23938 16 61.98 1763.82 50 0.00 67 10.93 0 1 
22252 29642 16 60.65 74.54 115 0.00 67 4.75 0 1 
22252 9583 16 61.41 1304.69 49 0.00 67 11.15 0 1 
22252 15360 16 63.69 2407.46 48 0.00 67 11.38 0 1 
22252 20977 16 66.08 4245.62 48 0.00 67 11.38 0 1 
22252 9917 16 65.25 9.19 4 0.00 67 3.34 0 1 
22252 15111 16 67.00 0.00 2 0.00 67 6.68 0 1 
3818 25 15 113.92 43185.49 24 0.00 62 0.01 23 1 
3821 25 15 109.67 37546.81 24 0.00 62 0.01 23 1 
3824 25 15 111.00 38764.42 24 0.00 62 0.01 23 1 
3827 25 15 111.42 39713.74 24 0.00 62 0.00 23 1 
3829 53 10 261.50 35910.25 2 0.00 72 0.11 0 1 
3833 53 10 135.00 3025.00 2 0.00 80 0.04 0 1 
3836 25 15 110.25 38395.52 24 0.00 62 0.00 23 1 
3839 53 10 122.00 2601.00 2 0.00 71 0.03 0 1 
3842 25 15 109.96 37771.12 24 0.00 62 0.01 23 1 
3845 53 10 288.00 40401.00 2 0.00 87 0.15 0 1 
3848 53 10 311.00 58564.00 2 0.00 69 0.03 0 1 
3852 53 10 230.50 26732.25 2 0.00 67 0.15 0 1 
3854 53 10 152.50 5112.25 2 0.00 81 0.05 0 1 
3857 25 15 109.46 37004.50 24 0.00 62 0.00 23 1 
3860 53 10 308.00 58081.00 2 0.00 67 0.03 0 1 
3863 25 15 109.62 37154.15 24 0.00 62 0.00 23 1 
3866 53 10 176.50 10100.25 2 0.00 76 0.03 0 1 
3869 25 15 110.21 38798.58 24 0.00 62 0.00 23 1 
3871 25 15 109.83 37460.06 24 0.00 62 0.00 23 1 
3875 53 10 308.00 58081.00 2 0.00 67 0.04 0 1 
3878 53 10 125.50 3080.25 2 0.00 70 0.19 0 1 
3881 53 10 311.00 58564.00 2 0.00 69 0.04 0 1 
3884 25 15 110.00 37692.42 24 0.00 62 0.00 23 1 
3887 53 10 158.00 5776.00 2 0.00 82 0.03 0 1 
3890 25 15 110.12 37060.78 24 0.00 62 0.00 23 1 
3894 53 10 137.50 4556.25 2 0.00 70 0.12 0 1 
3896 53 10 196.00 14161.00 2 0.00 77 0.03 0 1 
3899 53 10 278.00 37636.00 2 0.00 84 0.03 0 1 
3902 25 15 111.79 41923.41 24 0.00 62 0.00 23 1 
3905 25 15 111.79 41254.75 24 0.00 62 0.00 23 1 
3908 53 10 192.50 14042.25 2 0.00 74 0.11 0 1 
3911 53 10 119.50 1722.25 2 0.00 78 0.03 0 1 
3914 53 10 122.00 1764.00 2 0.00 80 0.03 0 1 
3917 53 10 208.00 16129.00 2 0.00 81 0.03 0 1 
3920 25 15 112.21 40825.25 24 0.00 62 0.00 23 1 
3923 25 15 111.54 41018.83 24 0.00 62 0.00 23 1 
3926 53 10 149.00 6400.00 2 0.00 69 0.21 0 1 
3929 53 10 128.50 2450.25 2 0.00 79 0.03 0 1 
3932 25 15 109.21 37016.83 24 0.00 62 0.00 23 1 
3935 53 10 229.50 23870.25 2 0.00 75 0.20 0 1 
3938 53 10 122.50 2256.25 2 0.00 75 0.03 0 1 
3941 53 10 117.50 2162.25 2 0.00 71 0.03 0 1 
3944 53 10 206.00 16129.00 2 0.00 79 0.03 0 1 
3947 25 15 110.17 36832.14 24 0.00 62 0.00 23 1 
3950 53 10 158.00 5776.00 2 0.00 82 0.03 0 1 
3953 53 10 146.50 3192.25 2 0.00 90 0.03 0 1 
3956 53 10 206.00 16129.00 2 0.00 79 0.04 0 1 
3959 25 15 111.33 40864.31 24 0.00 62 0.00 23 1 
3962 53 10 97.75 1054.69 4 0.00 79 0.89 0 1 
3965 53 10 240.50 27722.25 2 0.00 74 0.13 0 1 
3968 25 15 114.08 44872.83 24 0.00 62 0.00 23 1 
3971 25 15 108.75 35564.02 24 0.00 62 0.00 23 1 
3974 53 10 139.00 4225.00 2 0.00 74 0.04 0 1 
3977 53 10 122.50 1722.25 2 0.00 81 0.05 0 1 
3980 53 10 154.50 6642.25 2 0.00 73 0.03 0 1 
3983 25 15 108.04 34750.79 24 0.00 62 0.00 23 1 
3986 25 15 110.29 37994.71 24 0.00 62 0.00 23 1 
3990 53 10 308.00 58081.00 2 0.00 67 0.04 0 1 
3992 53 10 126.50 2256.25 2 0.00 79 0.03 0 1 
3995 53 10 150.50 4970.25 2 0.00 80 0.04 0 1 
3998 53 10 150.50 4970.25 2 0.00 80 0.03 0 1 
4001 25 15 113.29 44306.46 24 0.00 62 0.00 23 1 
4004 53 10 280.00 42849.00 2 0.00 73 0.03 0 1 
4007 53 10 151.00 4624.00 2 0.00 83 0.03 0 1 
4010 53 10 125.00 1936.00 2 0.00 81 0.03 0 1 
4014 53 10 296.00 50625.00 2 0.00 71 0.03 0 1 
4016 53 10 157.50 5402.25 2 0.00 84 0.09 0 1 
4019 53 10 132.00 3481.00 2 0.00 73 0.03 0 1 
4022 25 15 112.83 44159.72 24 0.00 62 0.00 23 1 
4025 25 15 108.50 36348.17 24 0.00 62 0.00 23 1 
4028 53 10 158.00 5329.00 2 0.00 85 0.16 0 1 
4031 53 10 214.00 18225.00 2 0.00 79 0.05 0 1 
4034 53 10 143.50 4422.25 2 0.00 77 0.05 0 1 
4037 25 15 112.33 41740.39 24 0.00 62 0.01 23 1 
4040 53 10 125.50 2862.25 2 0.00 72 0.05 0 1 
4043 53 10 116.50 1892.25 2 0.00 73 0.12 0 1 
4046 53 10 124.50 2652.25 2 0.00 73 0.07 0 1 
4049 25 15 108.83 35480.47 24 0.00 62 0.01 23 1 
4052 53 10 189.00 12321.00 2 0.00 78 0.13 0 1 
4055 53 10 134.50 2352.25 2 0.00 86 0.18 0 1 
4059 53 10 130.50 3080.25 2 0.00 75 0.15 0 1 
4061 53 10 163.00 9216.00 2 0.00 67 0.03 0 1 
4064 53 10 122.50 2070.25 2 0.00 77 0.03 0 1 
4067 53 10 311.00 58564.00 2 0.00 69 0.03 0 1 
4070 53 10 171.00 9216.00 2 0.00 75 0.12 0 1 
4073 53 10 214.00 18225.00 2 0.00 79 0.03 0 1 
4076 25 15 109.00 35550.42 24 0.00 62 0.00 23 1 
4079 53 10 134.50 4692.25 2 0.00 66 0.09 0 1 
4082 53 10 123.00 2916.00 2 0.00 69 0.14 0 1 
4085 53 10 311.00 58564.00 2 0.00 69 0.03 0 1 
4088 53 10 214.00 18225.00 2 0.00 79 0.03 0 1 
4091 53 10 296.00 50625.00 2 0.00 71 0.03 0 1 
4094 53 10 188.00 12769.00 2 0.00 75 0.03 0 1 
4097 25 15 111.17 40625.06 24 0.00 62 0.00 23 1 
4100 53 10 88.50 110.25 2 0.00 78 0.06 0 1 
4103 53 10 134.50 4692.25 2 0.00 66 0.03 0 1 
4106 25 15 110.92 39738.91 24 0.00 62 0.00 23 1 
4109 53 10 236.00 23409.00 2 0.00 83 0.18 0 1 
4112 25 15 112.00 40750.83 24 0.00 62 0.00 23 1 
4115 53 10 141.00 4489.00 2 0.00 74 0.11 0 1 
4118 25 15 111.92 40672.08 24 0.00 62 0.00 23 1 
4121 53 10 241.50 26082.25 2 0.00 80 0.10 0 1 
4124 25 15 110.42 38789.08 24 0.00 62 0.00 23 1 
4127 53 10 123.00 2809.00 2 0.00 70 0.03 0 1 
4131 53 10 314.50 57360.25 2 0.00 75 0.03 0 1 
4133 53 10 297.00 40401.00 2 0.00 96 0.09 0 1 
4136 53 10 107.33 2357.56 3 0.00 73 0.38 0 1 
4139 53 10 188.00 12769.00 2 0.00 75 0.06 0 1 
4142 53 10 152.50 5402.25 2 0.00 79 0.12 0 1 
4145 25 15 109.33 36076.72 24 0.00 62 0.01 23 1 
4148 53 10 103.50 272.25 2 0.00 87 0.21 0 1 
4151 53 10 311.00 58564.00 2 0.00 69 0.03 0 1 
4154 53 10 206.00 16129.00 2 0.00 79 0.03 0 1 
4157 25 15 109.25 37015.27 24 0.00 62 0.00 23 1 
4160 53 10 192.50 13572.25 2 0.00 76 0.15 0 1 
4163 53 10 218.50 22952.25 2 0.00 67 0.03 0 1 
4166 25 15 112.46 41557.41 24 0.00 62 0.00 23 1 
4169 53 10 125.50 2652.25 2 0.00 74 0.17 0 1 
4172 25 15 110.58 38941.74 24 0.00 62 0.00 23 1 
4175 53 10 205.50 15006.25 2 0.00 83 0.12 0 1 
4178 53 10 134.00 4356.00 2 0.00 68 0.13 0 1 
4181 53 10 209.00 16129.00 2 0.00 82 0.03 0 1 
4184 53 10 125.50 3192.25 2 0.00 69 0.35 0 1 
4187 25 15 110.17 37841.72 24 0.00 62 0.00 23 1 
4190 53 10 133.00 3844.00 2 0.00 71 0.11 0 1 
4193 53 10 128.50 3422.25 2 0.00 70 0.04 0 1 
4196 25 15 110.92 40309.41 24 0.00 62 0.00 23 1 
4199 53 10 258.50 26732.25 2 0.00 95 0.13 0 1 
4202 53 10 170.50 8742.25 2 0.00 77 0.20 0 1 
4205 53 10 134.50 3906.25 2 0.00 72 0.10 0 1 
4208 53 10 212.00 17161.00 2 0.00 81 0.03 0 1 
4211 25 15 111.38 39634.90 24 0.00 62 0.00 23 1 
4214 53 10 296.00 50625.00 2 0.00 71 0.03 0 1 
4217 53 10 188.00 12769.00 2 0.00 75 0.03 0 1 
4220 53 10 119.50 2162.25 2 0.00 73 0.03 0 1 
4223 25 15 110.67 37590.72 24 0.00 62 0.00 23 1 
4226 53 10 153.50 4692.25 2 0.00 85 0.32 0 1 
4231 53 10 207.00 14884.00 2 0.00 85 0.28 0 1 
4232 25 15 110.42 37204.08 24 0.00 62 0.00 23 1 
4235 53 10 128.00 2401.00 2 0.00 79 0.03 0 1 
4238 53 10 140.00 5041.00 2 0.00 69 0.27 0 1 
4241 53 10 134.50 2070.25 2 0.00 89 0.05 0 1 
4244 25 15 109.75 37622.02 24 0.00 62 0.00 23 1 
4247 53 10 231.00 21609.00 2 0.00 84 0.17 0 1 
4250 53 10 311.00 58564.00 2 0.00 69 0.04 0 1 
4252 53 10 105.00 1521.00 2 0.00 66 0.17 0 1 
4256 53 10 136.00 4900.00 2 0.00 66 0.09 0 1 
4259 53 10 131.50 2070.25 2 0.00 86 0.03 0 1 
4262 25 15 112.33 42735.47 24 0.00 62 0.00 23 1 
4265 25 15 113.46 44216.50 24 0.00 62 0.00 23 1 
4268 53 10 107.00 1369.00 2 0.00 70 0.18 0 1 
4271 53 10 311.00 58564.00 2 0.00 69 0.03 0 1 
4274 25 15 110.75 39826.85 24 0.00 62 0.00 23 1 
4277 25 15 110.42 38791.58 24 0.00 62 0.00 23 1 
4280 53 10 109.50 1056.25 2 0.00 77 0.07 0 1 
4283 53 10 162.00 8464.00 2 0.00 70 0.15 0 1 
4286 53 10 206.00 16129.00 2 0.00 79 0.04 0 1 
4289 53 10 114.50 1640.25 2 0.00 74 0.09 0 1 
4292 25 15 111.38 40040.65 24 0.00 62 0.00 23 1 
4295 53 10 112.00 1225.00 2 0.00 77 0.34 0 1 
4298 53 10 107.00 441.00 2 0.00 86 0.32 0 1 
4301 25 15 109.75 37463.77 24 0.00 62 0.00 23 1 
4303 53 10 124.00 2304.00 2 0.00 76 0.03 0 1 
4307 53 10 163.00 9216.00 2 0.00 67 0.15 0 1 
4310 53 10 178.00 11236.00 2 0.00 72 0.10 0 1 
4313 53 10 136.00 3721.00 2 0.00 75 0.04 0 1 
4316 53 10 140.00 4225.00 2 0.00 75 0.04 0 1 
4319 25 15 112.21 41650.66 24 0.00 62 0.00 23 1 
4323 53 10 176.50 9506.25 2 0.00 79 0.10 0 1 
4325 53 10 227.00 23409.00 2 0.00 74 0.12 0 1 
4327 53 10 106.50 600.25 2 0.00 82 0.03 0 1 
4331 53 10 100.50 812.25 2 0.00 72 0.25 0 1 
4334 25 15 111.50 39549.33 24 0.00 62 0.00 23 1 
4337 53 10 130.50 3422.25 2 0.00 72 0.04 0 1 
4340 53 10 125.00 2116.00 2 0.00 79 0.03 0 1 
4343 25 15 114.21 44184.58 24 0.00 62 0.01 23 1 
4346 25 15 113.88 45751.78 24 0.00 62 0.00 23 1 
4349 25 15 110.04 38244.96 24 0.00 62 0.00 23 1 
4352 53 10 90.00 225.00 2 0.00 75 0.10 0 1 
4354 53 10 143.50 5852.25 2 0.00 67 0.03 0 1 
4358 53 10 123.00 2401.00 2 0.00 74 0.03 0 1 
4361 53 10 119.00 2401.00 2 0.00 70 0.03 0 1 
4364 53 10 176.00 9801.00 2 0.00 77 0.04 0 1 
4367 53 10 135.00 3025.00 2 0.00 80 0.03 0 1 
4370 25 15 111.25 39319.27 24 0.00 62 0.00 23 1 
4373 53 10 311.00 58564.00 2 0.00 69 0.03 0 1 
4376 53 10 94.50 380.25 2 0.00 75 0.18 0 1 
4379 53 10 311.00 58564.00 2 0.00 69 0.03 0 1 
4382 53 10 126.00 2116.00 2 0.00 80 0.03 0 1 
4385 53 10 125.50 1892.25 2 0.00 82 0.03 0 1 
4388 25 15 110.62 38618.65 24 0.00 62 0.00 23 1 
4391 25 15 109.46 36614.08 24 0.00 62 0.00 23 1 
4394 53 10 170.50 9312.25 2 0.00 74 0.14 0 1 
4397 53 10 206.00 16129.00 2 0.00 79 0.03 0 1 
4400 53 10 124.50 1806.25 2 0.00 82 0.03 0 1 
4403 25 15 111.42 39311.24 24 0.00 62 0.00 23 1 
4406 53 10 296.00 50625.00 2 0.00 71 0.06 0 1 
4409 25 15 110.67 38141.64 24 0.00 62 0.00 23 1 
4412 53 10 296.00 50625.00 2 0.00 71 0.04 0 1 
4415 25 15 109.96 37221.96 24 0.00 62 0.00 23 1 
4418 53 10 124.00 1764.00 2 0.00 82 0.03 0 1 
4421 53 10 116.00 4050.00 3 0.00 71 0.46 0 1 
4424 53 10 212.00 16129.00 2 0.00 85 0.07 0 1 
4426 53 10 160.00 7744.00 2 0.00 72 0.14 0 1 
4430 53 10 316.00 49729.00 2 0.00 93 0.05 0 1 
4433 53 10 140.50 4032.25 2 0.00 77 0.03 0 1 
4436 53 10 137.00 3844.00 2 0.00 75 0.12 0 1 
4438 25 15 113.38 43029.40 24 0.00 62 0.00 23 1 
4441 53 10 287.50 44732.25 2 0.00 76 0.03 0 1 
4444 53 10 150.50 4290.25 2 0.00 85 0.03 0 1 
4447 53 10 163.50 6972.25 2 0.00 80 0.03 0 1 
4450 53 10 242.50 30102.25 2 0.00 69 0.03 0 1 
4453 25 15 111.12 40215.78 24 0.00 62 0.00 23 1 
4456 53 10 102.00 256.00 2 0.00 86 0.07 0 1 
4459 53 10 231.00 24649.00 2 0.00 74 0.22 0 1 
4462 53 10 188.00 12769.00 2 0.00 75 0.03 0 1 
4465 25 15 108.67 35105.14 24 0.00 62 0.00 23 1 
4468 53 10 176.50 10920.25 2 0.00 72 0.03 0 1 
4471 53 10 282.00 42436.00 2 0.00 76 0.31 0 1 
4474 53 10 126.50 2352.25 2 0.00 78 0.03 0 1 
4477 25 15 111.12 39401.78 24 0.00 62 0.00 23 1 
4480 53 10 258.50 35910.25 2 0.00 69 0.08 0 1 
4483 53 10 198.00 12544.00 2 0.00 86 0.14 0 1 
4486 53 10 125.00 2401.00 2 0.00 76 0.17 0 1 
4489 25 15 109.88 37459.94 24 0.00 62 0.01 23 1 
4492 25 15 111.38 40367.65 24 0.00 62 0.00 23 1 
4495 25 15 108.50 35725.17 24 0.00 62 0.00 23 1 
4498 53 10 296.00 50625.00 2 0.00 71 0.07 0 1 
4502 53 10 188.00 12769.00 2 0.00 75 0.04 0 1 
4505 53 10 131.00 2401.00 2 0.00 82 0.05 0 1 
4509 25 15 111.88 40591.94 24 0.00 62 0.00 23 1 
4512 53 10 305.50 56406.25 2 0.00 68 0.06 0 1 
4516 53 10 179.00 11664.00 2 0.00 71 0.13 0 1 
4518 53 10 131.50 2070.25 2 0.00 86 0.03 0 1 
4521 25 15 110.46 39436.41 24 0.00 62 0.00 23 1 
4524 25 15 109.58 37313.66 24 0.00 62 0.01 23 1 
4527 25 15 112.21 41153.91 24 0.00 62 0.01 23 1 
4530 53 10 155.00 5184.00 2 0.00 83 0.03 0 1 
4533 53 10 141.00 5625.00 2 0.00 66 0.04 0 1 
4536 53 10 132.00 3136.00 2 0.00 76 0.03 0 1 
4539 53 10 183.50 9120.25 2 0.00 88 0.03 0 1 
4542 53 10 250.50 28730.25 2 0.00 81 0.03 0 1 
4546 53 10 228.50 22650.25 2 0.00 78 0.17 0 1 
4548 25 15 110.71 38216.96 24 0.00 62 0.00 23 1 
4551 53 10 304.50 55932.25 2 0.00 68 0.03 0 1 
4554 53 10 146.50 3540.25 2 0.00 87 0.21 0 1 
4557 53 10 177.00 11881.00 2 0.00 68 0.24 0 1 
4560 25 15 112.17 41823.89 24 0.00 62 0.00 23 1 
4563 25 15 108.42 35192.33 24 0.00 62 0.00 23 1 
4565 53 10 129.50 3192.25 2 0.00 73 0.29 0 1 
4569 53 10 163.00 9216.00 2 0.00 67 0.03 0 1 
4572 53 10 212.00 19321.00 2 0.00 73 0.21 0 1 
4575 25 15 112.12 41491.19 24 0.00 62 0.00 23 1 
4578 53 10 156.00 6400.00 2 0.00 76 0.13 0 1 
4581 25 15 109.75 36063.35 24 0.00 62 0.00 23 1 
4584 53 10 121.50 2352.25 2 0.00 73 0.03 0 1 
4587 53 10 135.00 2809.00 2 0.00 82 0.03 0 1 
4590 25 15 110.83 38690.39 24 0.00 62 0.00 23 1 
4593 53 10 124.50 2756.25 2 0.00 72 0.17 0 1 
4596 25 15 109.67 37153.06 24 0.00 62 0.00 23 1 
4599 25 15 109.54 36301.00 24 0.00 62 0.00 23 1 
4602 53 10 143.50 5852.25 2 0.00 67 0.06 0 1 
4605 53 10 120.50 1722.25 2 0.00 79 0.03 0 1 
4608 25 15 108.46 34883.25 24 0.00 62 0.00 23 1 
4611 25 15 110.96 38686.54 24 0.00 62 0.00 23 1 
4614 53 10 311.50 56882.25 2 0.00 73 0.04 0 1 
4617 53 10 149.00 6400.00 2 0.00 69 0.03 0 1 
4620 53 10 133.00 2809.00 2 0.00 80 0.04 0 1 
4623 25 15 110.25 37838.35 24 0.00 62 0.01 23 1 
4626 53 10 128.50 2256.25 2 0.00 81 0.05 0 1 
4629 53 10 311.00 58564.00 2 0.00 69 0.03 0 1 
4632 25 15 111.08 38923.41 24 0.00 62 0.00 23 1 
4635 53 10 206.00 16129.00 2 0.00 79 0.07 0 1 
4638 53 10 296.00 50625.00 2 0.00 71 0.03 0 1 
4641 53 10 118.00 1764.00 2 0.00 76 0.10 0 1 
4644 53 10 231.50 22952.25 2 0.00 80 0.07 0 1 
4647 53 10 205.50 15006.25 2 0.00 83 0.41 0 1 
4650 25 15 112.58 42722.49 24 0.00 62 0.00 23 1 
4653 25 15 114.42 45898.99 24 0.00 62 0.00 23 1 
4656 53 10 195.50 15750.25 2 0.00 70 0.06 0 1 
4659 53 10 102.00 676.00 2 0.00 76 0.47 0 1 
4662 25 15 107.96 34298.62 24 0.00 62 0.00 23 1 
4665 25 15 109.50 36536.83 24 0.00 62 0.00 23 1 
4668 25 15 110.79 39016.00 24 0.00 62 0.00 23 1 
4671 53 10 158.50 7482.25 2 0.00 72 0.10 0 1 
4674 25 15 110.29 37759.71 24 0.00 62 0.00 23 1 
4677 25 15 110.64 42024.63 25 0.00 62 0.02 24 1 
4680 25 15 109.36 38792.63 25 0.00 62 0.02 24 1 
4682 53 10 100.00 625.00 2 0.00 75 0.04 0 1 
4686 25 15 105.11 35554.91 27 0.00 62 0.05 26 1 
4689 53 10 144.00 3249.00 2 0.00 87 0.31 0 1 
4692 53 10 159.50 6806.25 2 0.00 77 0.03 0 1 
4696 53 10 296.00 50625.00 2 0.00 71 0.04 0 1 
4698 25 15 105.59 36408.98 27 0.00 62 0.02 26 1 
4701 25 15 110.68 43264.30 25 0.00 62 0.01 24 1 
4703 53 10 178.50 11342.25 2 0.00 72 0.07 0 1 
4707 53 10 124.50 2256.25 2 0.00 77 0.03 0 1 
4710 53 10 188.00 12769.00 2 0.00 75 0.03 0 1 
4713 53 10 166.50 9120.25 2 0.00 71 0.09 0 1 
4716 25 15 108.80 38891.92 25 0.00 62 0.01 24 1 
4720 53 10 224.50 22952.25 2 0.00 73 0.05 0 1 
4722 53 10 142.50 4290.25 2 0.00 77 0.05 0 1 
4725 53 10 101.50 182.25 2 0.00 88 0.22 0 1 
4728 53 10 220.50 19460.25 2 0.00 81 0.03 0 1 
4731 25 15 107.76 36914.26 25 0.00 62 0.02 24 1 
4734 53 10 117.00 1849.00 2 0.00 74 0.05 0 1 
4737 53 10 279.50 43890.25 2 0.00 70 0.03 0 1 
4741 53 10 160.50 8190.25 2 0.00 70 0.16 0 1 
4743 53 10 273.00 40000.00 2 0.00 73 0.04 0 1 
4746 53 10 206.00 16129.00 2 0.00 79 0.03 0 1 
4749 25 15 108.84 39525.65 25 0.00 62 0.01 24 1 
4752 53 10 159.50 6806.25 2 0.00 77 0.05 0 1 
4755 53 10 119.00 1764.00 2 0.00 77 0.04 0 1 
4759 53 10 127.00 2809.00 2 0.00 74 0.05 0 1 
4762 53 10 197.00 15876.00 2 0.00 71 0.17 0 1 
4765 53 10 124.00 2304.00 2 0.00 76 0.04 0 1 
4768 25 15 105.27 34374.04 26 0.00 62 0.01 25 1 
4771 53 10 143.00 3481.00 2 0.00 84 0.19 0 1 
4775 53 10 310.50 56882.25 2 0.00 72 0.06 0 1 
4777 53 10 177.00 10404.00 2 0.00 75 0.05 0 1 
4780 53 10 254.50 35910.25 2 0.00 65 0.05 0 1 
4783 53 10 205.00 16129.00 2 0.00 78 0.09 0 1 
4786 53 10 206.00 16129.00 2 0.00 79 0.05 0 1 
4789 25 15 110.46 39108.83 24 0.00 62 0.00 23 1 
4792 53 10 185.50 12882.25 2 0.00 72 0.06 0 1 
4795 53 10 106.00 1296.00 2 0.00 70 0.08 0 1 
4798 53 10 137.50 2352.25 2 0.00 89 0.03 0 1 
4800 53 10 91.00 64.00 2 0.00 83 0.10 0 1 
4804 53 10 177.00 9409.00 2 0.00 80 0.03 0 1 
4807 25 15 111.00 39004.42 24 0.00 62 0.00 23 1 
4810 53 10 126.50 1640.25 2 0.00 86 0.03 0 1 
4813 53 10 154.00 5329.00 2 0.00 81 0.03 0 1 
4816 25 15 112.08 41159.91 24 0.00 62 0.01 23 1 
4819 25 15 111.00 39170.17 24 0.00 62 0.01 23 1 
4822 53 10 131.50 3540.25 2 0.00 72 0.18 0 1 
4825 53 10 137.50 2652.25 2 0.00 86 0.10 0 1 
4828 25 15 112.75 42967.85 24 0.00 62 0.00 23 1 
4831 25 15 112.04 41575.29 24 0.00 62 0.00 23 1 
4834 53 10 186.00 11664.00 2 0.00 78 0.04 0 1 
4837 25 15 110.21 38397.25 24 0.00 62 0.00 23 1 
4840 53 10 169.50 7140.25 2 0.00 85 0.14 0 1 
4843 53 10 131.00 1936.00 2 0.00 87 0.05 0 1 
4846 53 10 122.50 1892.25 2 0.00 79 0.17 0 1 
4849 25 15 109.71 36993.87 24 0.00 62 0.00 23 1 
4852 53 10 198.00 12544.00 2 0.00 86 0.03 0 1 
4855 53 10 210.50 18906.25 2 0.00 73 0.12 0 1 
4858 25 15 112.25 41900.10 24 0.00 62 0.00 23 1 
4861 53 10 310.50 58806.25 2 0.00 68 0.03 0 1 
4864 53 10 143.50 4422.25 2 0.00 77 0.04 0 1 
4867 25 15 111.92 41748.08 24 0.00 62 0.00 23 1 
4870 25 15 111.83 41421.81 24 0.00 62 0.00 23 1 
4873 25 15 108.92 36326.41 24 0.00 62 0.00 23 1 
4876 53 10 311.00 58564.00 2 0.00 69 0.03 0 1 
4879 53 10 117.00 841.00 2 0.00 88 0.07 0 1 
4882 53 10 206.00 16129.00 2 0.00 79 0.04 0 1 
4885 25 15 109.71 38022.37 24 0.00 62 0.00 23 1 
4888 53 10 128.50 3306.25 2 0.00 71 0.31 0 1 
4892 53 10 129.50 3080.25 2 0.00 74 0.18 0 1 
4894 25 15 113.12 43210.53 24 0.00 62 0.00 23 1 
4897 53 10 311.00 58564.00 2 0.00 69 0.03 0 1 
